0.1643214581240847
0.302142167548955
0.3990189472937413
0.4702642371194208
0.5299057898594149
0.5781664034566657
0.618823194564398
0.6508994964902362
0.6809743493254402
0.705856640155572
0.7269502711360141
0.7461039218848137
0.7637028737451861
0.7798401638170946
0.7943187652835306
0.8059034689734577
0.8165057562594719
0.8263411504591827
0.8364127854210639
0.8453774427677639
0.8534691270728877
0.860119323879199
0.8667226556379211
0.8725285697334558
0.878312491814133
0.8832637704293518
0.8878819162549588
0.8923689899668391
0.8973216522470873
0.9016262514003374
0.9060358513868612
0.9091785828001391
0.9126841943282925
0.9159276209791273
0.9184020937741446
0.9214536257817086
0.9238560794853888
0.9267425492995086
0.9293411018715866
0.9317341730530119
0.9335807396312514
0.9361495276647669
0.9380824343542609
0.9405793615934407
0.9424399619766302
0.9444799222728845
0.9463049259539988
0.9479147500660918
0.948981165049147
0.9507308853280589
0.9520209715184581
0.9531806349109256
0.9543552242785683
0.9555404078184283
0.9567706352830276
0.95782911305309
0.9590557936466914
0.9600519872227394
0.9610114392572993
0.9620552991503655
0.9629785454552782
0.9638416938547159
0.9648843798153821
0.9657326936243683
0.966637899891106
0.967455975470983
0.9681506113554311
0.9689661732383608
0.9698321249800024
0.970526121301422
0.9713189297271451
0.9720956249857374
0.9724498029436035
0.9730735948450939
0.9735365044411919
0.9742328853146036
0.9748509978257915
0.9753603560981234
0.9756399182186546
0.9765033159558992
0.9767927621686466
0.9772288932749855
0.9778176985457945
0.9780837276741137
0.9784659477446834
0.9789684321563064
0.979215293363451
0.9796990210073695
0.9800516849548802
0.9805871150481548
0.9807788985726333
0.9810437750081188
0.9814178966172346
0.9815938708928563
0.9821900707212855
0.9825675205141964
0.9829316055967798
0.9832800314556895
0.9834125053479207
0.9837432084535246
0.9839862450064397
0.9842971623763304
0.9846109147465425
0.9847664080886088
0.9849866950232873
0.9852621842106404
0.9856168555253486
0.9859007325210846
0.9861225826713033
0.9863958193325528
0.9865585162819202
0.9867357543713556
0.9868359658080211
0.9871639267710917
0.9874348505659526
0.9876028460161949
0.9878178124833112
0.9879290438276056
0.9882321868046321
0.988408030420649
0.9884807873307571
0.9886638418715152
0.9887843233021821
0.9889186842835362
0.989154830640422
0.9893456092329672
0.9895159662106339
0.9895842616083002
0.9895842616083002
0.9897615427274487
0.9898030412750736
0.9899595196499769
0.9899919112887499
0.9901943712487468
0.9903063736321691
0.9903363465917085
0.990545700923999
0.9906453205380966
0.9907703795751363
0.9908997362317801
0.9909339561516145
0.9910800220453078
0.9912720316801968
0.9913872829703614
0.9915662460373722
0.9916511842560859
0.9917701652109281
0.9917996107660083
0.99199912303941
0.9921393664329128
0.9922775500745888
0.9924397718049097
0.9925139250645327
0.9926140770803158
0.9927451649753843
0.9928825727566019
0.9929568023979037
0.9931093554873128
0.9932068223317332
0.9933989468069283
0.9934274398090984
0.9934274398090984
0.9934873910194825
0.9934873910194825
0.9935985724293748
0.9936413128900127
0.9936413128900127
0.9937122111385006
0.993753766182618
0.993827141276179
0.993827141276179
0.9939028670537059
0.9941038603549843
0.9941817173538094
0.9942465002605334
0.9942848024862929
0.9943573364458558
0.9944176257902937
0.9944928474769724
0.9945554101402959
0.9945927541985666
0.9946264127276495
0.9946616787407702
0.9946991738976643
0.9947400757901956
0.9947765352194221
0.9948987169074702
0.99493180044137
0.995006031560067
0.9950486307346835
0.9951619249415237
0.9952330943091001
0.9953159369145308
0.9953930645586129
0.9954605686893542
0.9954605686893542
0.995568157680327
0.9956451771379823
0.9956853635574026
0.9957207930167866
0.9957207930167866
0.9958225899812925
0.9958225899812925
0.9958225899812925
0.9959211548151802
0.9960739941167137
0.9960739941167137
0.9960739941167137
0.9961440718463307
0.9961440718463307
0.9961440718463307
0.9961762997657259
0.9962241949977483
0.9962565494267914
0.996298943879021
0.996298943879021
0.996298943879021
0.9963327771313653
0.9963327771313653
0.9963671653712856
0.9964396743721334
0.9964396743721334
0.9965155618771493
0.996657419243847
0.9967021240791982
0.996737490585541
0.996737490585541
0.996737490585541
0.9968190523523934
0.9969296501306352
0.9970038721939468
0.9970038721939468
0.9971128845872723
0.9971944634831611
0.9971944634831611
0.997234296573935
0.997234296573935
0.997234296573935
0.997234296573935
0.997234296573935
0.9972712913337528
0.9972712913337528
0.9973439065324081
0.9973439065324081
0.9973778503409615
0.9973778503409615
0.9973778503409615
0.9974504552875897
0.9974504552875897
0.9974504552875897
0.9974504552875897
0.9974845973579062
0.9975148014360171
0.9975148014360171
0.9975148014360171
0.9975148014360171
0.9975148014360171
0.9975862502698504
0.9975862502698504
0.9975862502698504
0.9975862502698504
0.9975862502698504
0.9975862502698504
0.9975862502698504
0.9976278488657574
0.9976627652020247
0.9976627652020247
0.9976627652020247
0.9976985480398107
0.9976985480398107
0.9976985480398107
0.9976985480398107
0.9976985480398107
0.9977317603549731
0.9977616931298965
0.9977616931298965
0.9977616931298965
0.9977616931298965
0.9977616931298965
0.9977616931298965
0.9977616931298965
0.9977616931298965
0.9978337521749744
0.9978337521749744
0.9978337521749744
0.9978337521749744
0.9978337521749744
0.9978337521749744
0.9978337521749744
0.9978337521749744
0.9978624251557524
0.9978624251557524
0.9978624251557524
0.9978624251557524
0.9978624251557524
0.9978945375394644
0.9978945375394644
0.9979386671070439
0.9979386671070439
0.9979386671070439
0.9979386671070439
0.9980538098110627
0.9980538098110627
0.9980538098110627
0.9980841437953127
0.9980841437953127
0.9980841437953127
0.9980841437953127
0.998123420784285
0.998123420784285
0.998123420784285
0.998123420784285
0.998123420784285
0.998123420784285
0.9981585831443306
0.9981877560428155
0.9981877560428155
0.9981877560428155
0.9981877560428155
0.9981877560428155
0.9981877560428155
0.9981877560428155
0.9981877560428155
0.9981877560428155
0.9981877560428155
0.9982684081654741
0.9982684081654741
0.9983383543175331
0.9984146588079427
0.9984835733086675
0.9984835733086675
0.9985180063963569
0.9985180063963569
0.998551764710826
0.998551764710826
0.998551764710826
0.998551764710826
0.9985813354668504
0.9985813354668504
0.9985813354668504
0.9986198385793559
0.9986608622607998
0.9986608622607998
0.9986608622607998
0.9986919977639848
0.9986919977639848
0.9986919977639848
0.9987230000136045
0.9987230000136045
0.9987230000136045
0.9987230000136045
0.9987230000136045
0.9987230000136045
0.9987230000136045
0.9987230000136045
0.9987230000136045
0.9987230000136045
0.9987230000136045
0.9987230000136045
0.9987230000136045
0.9987230000136045
0.9987230000136045
0.9987230000136045
0.9987230000136045
0.9987230000136045
0.9987230000136045
0.9987230000136045
0.9987230000136045
0.9987230000136045
0.9987230000136045
0.9987230000136045
0.9987230000136045
0.9987230000136045
0.998767129112306
0.998767129112306
0.998767129112306
0.998767129112306
0.998767129112306
0.998767129112306
0.998767129112306
0.998845822183404
0.998845822183404
0.998845822183404
0.9988806828474925
0.9988806828474925
0.9989197952498187
0.9989197952498187
0.9989197952498187
0.9989561581053212
0.9989561581053212
0.9989561581053212
0.9989561581053212
0.9989561581053212
0.9989561581053212
0.9989561581053212
0.9989561581053212
0.9989561581053212
0.9989561581053212
0.9989561581053212
0.9989561581053212
0.9989561581053212
0.9989561581053212
0.9989561581053212
0.9989561581053212
0.9989561581053212
0.9989561581053212
0.9989893012992672
0.9989893012992672
0.9989893012992672
0.9989893012992672
0.9989893012992672
0.9990313743889067
0.9990313743889067
0.9990313743889067
0.9990313743889067
0.9990313743889067
0.9990313743889067
0.9990313743889067
0.9990313743889067
0.9990313743889067
0.9990313743889067
0.9990669279629207
0.9990669279629207
0.9990669279629207
0.9991017759836462
0.9991017759836462
0.9991428770205706
0.9991836222641192
0.9991836222641192
0.9991836222641192
0.9991836222641192
0.9991836222641192
0.9991836222641192
0.9991836222641192
0.9991836222641192
0.9991836222641192
0.9991836222641192
0.9991836222641192
0.9992190626341857
0.9992190626341857
0.9992190626341857
0.9992190626341857
0.9992190626341857
0.9992190626341857
0.9992190626341857
0.9992190626341857
0.9992190626341857
0.9992190626341857
0.9992190626341857
0.9992190626341857
0.9992190626341857
0.9992190626341857
0.9992190626341857
0.9992190626341857
0.9992190626341857
0.9992190626341857
0.9992528935272715
0.9992528935272715
0.9992528935272715
0.9992528935272715
0.9992528935272715
0.9992528935272715
0.9992528935272715
0.9992528935272715
0.9992528935272715
0.9992528935272715
0.9992528935272715
0.9992860962030846
0.9992860962030846
0.9992860962030846
0.9992860962030846
0.9992860962030846
0.9992860962030846
0.9992860962030846
0.9992860962030846
0.9993197039990798
0.9993197039990798
0.9993197039990798
0.9993197039990798
0.9993197039990798
0.9993197039990798
0.9993197039990798
0.9993197039990798
0.9993197039990798
0.9993197039990798
0.9993197039990798
0.9993197039990798
0.9993197039990798
0.9993197039990798
0.9993197039990798
0.9993197039990798
0.9993197039990798
0.9993197039990798
0.9993197039990798
0.9993539037046026
0.9993539037046026
0.9993539037046026
0.9993539037046026
0.9993539037046026
0.9993539037046026
0.9993539037046026
0.9993539037046026
0.9993539037046026
0.9993539037046026
0.9993539037046026
0.9993539037046026
0.9993539037046026
0.9993539037046026
0.9993539037046026
0.9993539037046026
0.9993539037046026
0.9993539037046026
0.9993539037046026
0.9993539037046026
0.9993539037046026
0.9993539037046026
0.9993539037046026
0.9993539037046026
0.9993539037046026
0.9993539037046026
0.9993977327149158
0.9993977327149158
0.9993977327149158
0.9993977327149158
0.9993977327149158
0.9993977327149158
0.9993977327149158
0.9993977327149158
0.9993977327149158
0.9993977327149158
0.9993977327149158
0.9993977327149158
0.9993977327149158
0.9993977327149158
0.9993977327149158
0.9993977327149158
0.9993977327149158
0.9993977327149158
0.9993977327149158
0.9993977327149158
0.9993977327149158
0.9993977327149158
0.9993977327149158
0.9993977327149158
0.9993977327149158
0.9993977327149158
0.9993977327149158
0.9993977327149158
0.9993977327149158
0.9993977327149158
0.9993977327149158
0.9993977327149158
0.9993977327149158
0.9993977327149158
0.9993977327149158
0.9993977327149158
0.9993977327149158
0.9993977327149158
0.9993977327149158
0.9993977327149158
0.9993977327149158
0.9993977327149158
0.9993977327149158
0.9993977327149158
0.9993977327149158
0.9993977327149158
0.9993977327149158
0.9993977327149158
0.9993977327149158
0.9993977327149158
0.9993977327149158
0.9993977327149158
0.9993977327149158
0.9993977327149158
0.9993977327149158
0.9993977327149158
0.9993977327149158
0.9993977327149158
0.9993977327149158
0.9993977327149158
0.9993977327149158
0.9993977327149158
0.9993977327149158
0.9993977327149158
0.9993977327149158
0.9993977327149158
0.9993977327149158
0.9993977327149158
0.9993977327149158
0.9993977327149158
0.9993977327149158
0.9993977327149158
0.9993977327149158
0.9993977327149158
0.9993977327149158
0.9993977327149158
0.9993977327149158
0.9993977327149158
0.9993977327149158
0.9993977327149158
0.9993977327149158
0.9993977327149158
0.9993977327149158
0.9993977327149158
0.9993977327149158
0.9993977327149158
0.9993977327149158
0.9993977327149158
0.9993977327149158
0.9993977327149158
0.9993977327149158
0.9993977327149158
0.9993977327149158
0.9993977327149158
0.9993977327149158
0.9993977327149158
0.9993977327149158
0.9993977327149158
0.9993977327149158
0.9993977327149158
0.9993977327149158
0.9993977327149158
0.9993977327149158
0.9993977327149158
0.9993977327149158
0.9993977327149158
0.9993977327149158
0.9993977327149158
0.9993977327149158
0.9993977327149158
0.9993977327149158
0.9993977327149158
0.9993977327149158
0.9993977327149158
0.9993977327149158
0.9993977327149158
0.9993977327149158
0.9993977327149158
0.9993977327149158
0.9993977327149158
0.9993977327149158
0.9993977327149158
0.9993977327149158
0.9993977327149158
0.9993977327149158
0.9993977327149158
0.9993977327149158
0.9993977327149158
0.9993977327149158
0.9993977327149158
0.9993977327149158
0.9994386265148084
0.9994386265148084
0.9994386265148084
0.9994386265148084
0.9994386265148084
0.9994386265148084
0.9994386265148084
0.9994386265148084
0.9994386265148084
0.9994386265148084
0.9994386265148084
0.9994386265148084
0.9994386265148084
0.9994386265148084
0.9994386265148084
0.9994386265148084
0.9994386265148084
0.9994386265148084
0.9994386265148084
0.9994386265148084
0.9994386265148084
0.9994386265148084
0.9994386265148084
0.9994386265148084
0.9994386265148084
0.9994386265148084
0.9994386265148084
0.9994386265148084
0.9994386265148084
0.9994386265148084
0.9994386265148084
0.9994386265148084
0.9994386265148084
0.9994386265148084
0.9994386265148084
0.9994386265148084
0.9994386265148084
0.9994386265148084
0.9994386265148084
0.9994386265148084
0.9994386265148084
0.9994386265148084
0.9994386265148084
0.9994386265148084
0.9994386265148084
0.9994386265148084
0.9994386265148084
0.9994386265148084
0.9994386265148084
0.9994386265148084
0.9994767420927237
0.9994767420927237
0.9994767420927237
0.9994767420927237
0.9994767420927237
0.9994767420927237
0.9994767420927237
0.9994767420927237
0.9994767420927237
0.9994767420927237
0.9994767420927237
0.9994767420927237
0.9994767420927237
0.9994767420927237
0.9994767420927237
0.9994767420927237
0.9994767420927237
0.9994767420927237
0.9994767420927237
0.9994767420927237
0.9994767420927237
0.9994767420927237
0.9994767420927237
0.9994767420927237
0.9994767420927237
0.9994767420927237
0.9994767420927237
0.9994767420927237
0.9994767420927237
0.9994767420927237
0.9994767420927237
0.9994767420927237
0.9994767420927237
0.9994767420927237
0.9994767420927237
0.9994767420927237
0.9994767420927237
0.9994767420927237
0.9994767420927237
0.9994767420927237
0.9994767420927237
0.9994767420927237
0.9994767420927237
0.9994767420927237
0.9994767420927237
0.9994767420927237
0.9994767420927237
0.9995123180177699
0.9995123180177699
0.9995123180177699
0.9995123180177699
0.9995123180177699
0.9995123180177699
0.9995123180177699
0.9995123180177699
0.9995123180177699
0.9995123180177699
0.9995123180177699
0.9995123180177699
0.9995123180177699
0.9995123180177699
0.9995123180177699
0.9995123180177699
0.9995123180177699
0.9995123180177699
0.9995123180177699
0.9995123180177699
0.9995123180177699
0.9995123180177699
0.9995123180177699
0.9995123180177699
0.9995123180177699
0.9995123180177699
0.9995123180177699
0.9995392365769041
0.9995392365769041
0.9995392365769041
0.9995392365769041
0.9995392365769041
0.9995392365769041
0.9995392365769041
0.9995392365769041
0.9995392365769041
0.9995392365769041
0.9995392365769041
0.9995392365769041
0.9995392365769041
0.9996083960466517
0.9996083960466517
0.9996083960466517
0.9996083960466517
0.9996083960466517
0.9996083960466517
0.9996083960466517
0.9996083960466517
0.9996083960466517
0.9996083960466517
0.9996083960466517
0.9996083960466517
0.9996083960466517
0.9996083960466517
0.9996083960466517
0.9996083960466517
0.9996083960466517
0.9996083960466517
0.9996083960466517
0.9996387941886832
0.9996387941886832
0.9996387941886832
0.9996387941886832
0.9996387941886832
0.9996387941886832
0.9996387941886832
0.9996387941886832
0.9996387941886832
0.9996387941886832
0.9996387941886832
0.9996387941886832
0.9996387941886832
0.9996387941886832
0.9996387941886832
0.9996387941886832
0.9996387941886832
0.9996387941886832
0.9996387941886832
0.9996387941886832
0.9996387941886832
0.9996387941886832
0.9996387941886832
0.9996387941886832
0.9996387941886832
0.9996387941886832
0.9996387941886832
0.9996387941886832
0.9996387941886832
0.9996387941886832
0.9996387941886832
0.9996387941886832
0.9996387941886832
0.9996387941886832
0.9996387941886832
0.9996387941886832
0.9996387941886832
0.9996387941886832
0.9996387941886832
0.9996387941886832
0.9996387941886832
0.9996387941886832
0.9996387941886832
0.9996387941886832
0.9996387941886832
0.9996387941886832
0.9996387941886832
0.9996387941886832
0.9996387941886832
0.9996387941886832
0.9996387941886832
0.9996387941886832
0.9996387941886832
0.9996387941886832
0.9996387941886832
0.9996387941886832
0.9996387941886832
0.9996387941886832
0.9996387941886832
0.9996387941886832
0.9996387941886832
0.9996387941886832
0.9996387941886832
0.9996387941886832
0.9996387941886832
0.9996387941886832
0.9996387941886832
0.9996387941886832
0.9996387941886832
0.9996387941886832
0.9996387941886832
0.9996387941886832
0.9996387941886832
0.9996387941886832
0.9996387941886832
0.9996387941886832
0.9996387941886832
0.9996387941886832
0.9996387941886832
0.9996387941886832
0.9996387941886832
0.9996387941886832
0.9996387941886832
0.9996387941886832
0.9996387941886832
0.9996387941886832
0.9996387941886832
0.9996387941886832
0.9996387941886832
0.9996387941886832
0.9996387941886832
0.9996387941886832
0.9996387941886832
0.9996387941886832
0.9996387941886832
0.9996387941886832
0.9996387941886832
0.9996387941886832
0.9996387941886832
0.9996387941886832
0.9996387941886832
0.9996387941886832
0.9996387941886832
0.9996387941886832
0.9996387941886832
0.9996387941886832
0.9996387941886832
0.9996387941886832
0.9996387941886832
0.9996387941886832
0.9996387941886832
0.9996387941886832
0.9996387941886832
0.9996387941886832
0.9996387941886832
0.9996387941886832
0.9996387941886832
0.9996387941886832
0.9996387941886832
0.9996387941886832
0.9996387941886832
0.9996387941886832
0.9996387941886832
0.9996387941886832
0.9996387941886832
0.9996387941886832
0.9996387941886832
0.9996387941886832
0.9996387941886832
0.9996387941886832
0.9996387941886832
0.9996387941886832
0.9996387941886832
0.9996387941886832
0.9996387941886832
0.9996387941886832
0.9996387941886832
0.9996387941886832
0.9996387941886832
0.9996387941886832
0.9996387941886832
0.9996387941886832
0.9996387941886832
0.9996387941886832
0.9996387941886832
0.9996387941886832
0.9996387941886832
0.9996387941886832
0.9996387941886832
0.9996387941886832
0.9996387941886832
0.9996387941886832
0.9996387941886832
0.9996387941886832
0.9996387941886832
0.9996387941886832
0.9996387941886832
0.9996387941886832
0.9996387941886832
0.9996387941886832
0.9996387941886832
0.9996387941886832
0.9996387941886832
0.9996387941886832
0.9996387941886832
0.9996387941886832
0.9996387941886832
0.9996387941886832
0.9996387941886832
0.9996387941886832
0.9996387941886832
0.9996387941886832
0.9996387941886832
0.9996387941886832
0.9996387941886832
0.9996387941886832
0.9996387941886832
0.9996387941886832
0.9996387941886832
0.9996387941886832
0.9996387941886832
0.9996387941886832
0.9996387941886832
0.9996387941886832
0.9996387941886832
0.9996387941886832
0.9996387941886832
0.9996387941886832
0.9996387941886832
0.9996387941886832
0.9996387941886832
0.9996387941886832
0.9996387941886832
0.9996387941886832
0.9996387941886832
0.9996387941886832
0.9996387941886832
0.9996387941886832
0.9996387941886832
0.9996770958966192
0.9996770958966192
0.9996770958966192
0.9996770958966192
0.9996770958966192
0.9996770958966192
0.9996770958966192
0.9996770958966192
0.9996770958966192
0.9996770958966192
0.9996770958966192
0.9996770958966192
0.9996770958966192
0.9996770958966192
0.9996770958966192
0.9996770958966192
0.9996770958966192
0.9996770958966192
0.9996770958966192
0.9996770958966192
0.9996770958966192
0.9996770958966192
0.9996770958966192
0.9996770958966192
0.9996770958966192
0.9996770958966192
0.9997105765282776
0.9997105765282776
0.9997105765282776
0.9997105765282776
0.9997105765282776
0.9997105765282776
0.9997105765282776
0.9997105765282776
0.9997105765282776
0.9997105765282776
0.9997105765282776
0.9997105765282776
0.9997105765282776
0.9997105765282776
0.9997105765282776
0.9997105765282776
0.9997105765282776
0.9997105765282776
0.9997105765282776
0.9997105765282776
0.9997105765282776
0.9997105765282776
0.9997105765282776
0.9997105765282776
0.9997105765282776
0.9997105765282776
0.9997105765282776
0.9997105765282776
0.9997105765282776
0.9997105765282776
0.9997105765282776
0.9997105765282776
0.9997105765282776
0.9997105765282776
0.9997105765282776
0.9997105765282776
0.9997105765282776
0.9997105765282776
0.9997105765282776
0.9997105765282776
0.9997105765282776
0.9997105765282776
0.9997105765282776
0.9997105765282776
0.9997105765282776
0.9997105765282776
0.9997105765282776
0.9997105765282776
0.9997105765282776
0.9997105765282776
0.9997105765282776
0.9997105765282776
0.9997105765282776
0.9997105765282776
0.9997105765282776
0.9997105765282776
0.9997105765282776
0.9997105765282776
0.9997105765282776
0.9997105765282776
0.9997105765282776
0.9997105765282776
0.9997105765282776
0.9997105765282776
0.9997105765282776
0.9997105765282776
0.9997105765282776
0.9997105765282776
0.9997105765282776
0.9997105765282776
0.9997105765282776
0.9997105765282776
0.9997105765282776
0.9997105765282776
0.9997105765282776
0.9997105765282776
0.9997105765282776
0.9997105765282776
0.9997105765282776
0.9997105765282776
0.9997105765282776
0.9997105765282776
0.9997489905018102
0.9997489905018102
0.9997489905018102
0.9997489905018102
0.9997489905018102
0.9997489905018102
0.9997489905018102
0.9997489905018102
0.9997489905018102
0.9997489905018102
0.9997489905018102
0.9997489905018102
0.9997489905018102
0.9997489905018102
0.9997489905018102
0.9997489905018102
0.9997489905018102
0.9997489905018102
0.9997489905018102
0.9997489905018102
0.9997489905018102
0.9997489905018102
0.9997489905018102
0.9997489905018102
0.9997489905018102
0.9997489905018102
0.9997489905018102
0.9997489905018102
0.9997489905018102
0.9997489905018102
0.9997832821100638
0.9997832821100638
0.9997832821100638
0.9997832821100638
0.9997832821100638
0.9997832821100638
0.9997832821100638
0.9997832821100638
0.9997832821100638
0.9997832821100638
0.9997832821100638
0.9998229140933128
0.9998229140933128
0.9998229140933128
0.9998229140933128
0.9998229140933128
0.9998229140933128
0.9998229140933128
0.9998229140933128
0.9998229140933128
0.9998229140933128
0.9998229140933128
0.9998229140933128
0.9998229140933128
0.9998229140933128
0.9998229140933128
0.9998229140933128
0.9998229140933128
0.9998229140933128
0.9998229140933128
0.9998229140933128
0.9998229140933128
0.9998229140933128
0.9998229140933128
0.9998229140933128
0.9998229140933128
0.9998229140933128
0.9998229140933128
0.9998229140933128
0.9998229140933128
0.9998229140933128
0.9998229140933128
0.9998229140933128
0.9998229140933128
0.9998229140933128
0.9998229140933128
0.9998229140933128
0.9998229140933128
0.9998229140933128
0.9998229140933128
0.9998229140933128
0.9998229140933128
0.9998229140933128
0.9998229140933128
0.9998229140933128
0.9998505663382798
0.9998505663382798
0.9998505663382798
0.9998505663382798
0.9998505663382798
0.9998505663382798
0.9998505663382798
0.9998505663382798
0.9998505663382798
0.9998505663382798
0.9998505663382798
0.9998505663382798
0.9998505663382798
0.9998505663382798
0.9998505663382798
0.9998505663382798
0.9998505663382798
0.9998505663382798
0.9998505663382798
0.9998505663382798
0.9998505663382798
0.9998505663382798
0.9998505663382798
0.9998505663382798
0.9998505663382798
0.9998505663382798
0.9998505663382798
0.9998505663382798
0.9998505663382798
0.9998505663382798
0.9998505663382798
0.9998505663382798
0.9998505663382798
0.9998505663382798
0.9998505663382798
0.9998505663382798
0.9998505663382798
0.9998505663382798
0.9998505663382798
0.9998505663382798
0.9998505663382798
0.9998505663382798
0.9998505663382798
0.9998505663382798
0.9998505663382798
0.9998505663382798
0.9998505663382798
0.9998505663382798
0.9998505663382798
0.9998505663382798
0.9998505663382798
0.9998505663382798
0.9998505663382798
0.9998505663382798
0.9998505663382798
0.9998505663382798
0.9998505663382798
0.9998505663382798
0.9998505663382798
0.9998505663382798
0.9998505663382798
0.9998505663382798
0.9998505663382798
0.9998505663382798
0.9998505663382798
0.9998505663382798
0.9998505663382798
0.9998505663382798
0.9998505663382798
0.9998505663382798
0.9998505663382798
0.9998505663382798
0.9998505663382798
0.9998505663382798
0.9998505663382798
0.9998505663382798
0.9998505663382798
0.9998505663382798
0.9998505663382798
0.9998505663382798
0.9998505663382798
0.9998505663382798
0.9998505663382798
0.9998505663382798
0.9998505663382798
0.9998505663382798
0.9998505663382798
0.9998505663382798
0.9998505663382798
0.9998505663382798
0.9998505663382798
0.9998505663382798
0.9998505663382798
0.9998505663382798
0.9998505663382798
0.9998505663382798
0.9998505663382798
0.9998505663382798
0.9998505663382798
0.9998505663382798
0.9998925938084323
0.9998925938084323
0.9998925938084323
0.9998925938084323
0.9998925938084323
0.9998925938084323
0.9998925938084323
0.9998925938084323
0.9998925938084323
0.9998925938084323
0.9998925938084323
0.9998925938084323
0.9998925938084323
0.9998925938084323
0.9998925938084323
0.9998925938084323
0.9998925938084323
0.9998925938084323
0.9998925938084323
0.9998925938084323
0.9998925938084323
0.9998925938084323
0.9998925938084323
0.9998925938084323
0.9998925938084323
0.9998925938084323
0.9998925938084323
0.9998925938084323
0.9998925938084323
0.9998925938084323
0.9998925938084323
0.9998925938084323
0.9998925938084323
0.9998925938084323
0.9998925938084323
0.9998925938084323
0.9998925938084323
0.9998925938084323
0.9998925938084323
0.9998925938084323
0.9998925938084323
0.9998925938084323
0.9998925938084323
0.9998925938084323
0.9998925938084323
0.9998925938084323
0.9998925938084323
0.9998925938084323
0.9998925938084323
0.9998925938084323
0.9998925938084323
0.9998925938084323
0.9998925938084323
0.9998925938084323
0.9998925938084323
0.9998925938084323
0.9998925938084323
0.9998925938084323
0.9998925938084323
0.9998925938084323
0.9998925938084323
0.9998925938084323
0.9998925938084323
0.9998925938084323
0.9998925938084323
0.9998925938084323
0.9998925938084323
0.9998925938084323
0.9998925938084323
0.9998925938084323
0.9998925938084323
0.9998925938084323
0.9998925938084323
0.9998925938084323
0.9998925938084323
0.9998925938084323
0.9998925938084323
0.9998925938084323
0.9998925938084323
0.9998925938084323
0.9998925938084323
0.9998925938084323
0.9998925938084323
0.9998925938084323
0.9998925938084323
0.9998925938084323
0.9998925938084323
0.9998925938084323
0.9998925938084323
0.9998925938084323
0.9998925938084323
0.9998925938084323
0.9998925938084323
0.9998925938084323
0.9998925938084323
0.9998925938084323
0.9998925938084323
0.9998925938084323
0.9998925938084323
0.9998925938084323
0.9998925938084323
0.9998925938084323
0.9998925938084323
0.9998925938084323
0.9998925938084323
0.9998925938084323
0.9998925938084323
0.9998925938084323
0.9998925938084323
0.9998925938084323
0.9998925938084323
0.9998925938084323
0.9998925938084323
0.9998925938084323
0.9998925938084323
0.9998925938084323
0.9998925938084323
0.9998925938084323
0.9998925938084323
0.9998925938084323
0.9998925938084323
0.9998925938084323
0.9998925938084323
0.9998925938084323
0.9998925938084323
0.9998925938084323
0.9998925938084323
0.9998925938084323
0.9998925938084323
0.9998925938084323
0.9998925938084323
0.9998925938084323
0.9998925938084323
0.9998925938084323
0.9998925938084323
0.9998925938084323
0.9998925938084323
0.9998925938084323
0.9998925938084323
0.9998925938084323
0.9998925938084323
0.9998925938084323
0.9998925938084323
0.9998925938084323
0.9998925938084323
0.9998925938084323
0.9998925938084323
0.9998925938084323
0.9998925938084323
0.9998925938084323
0.9998925938084323
0.9998925938084323
0.9998925938084323
0.9998925938084323
0.9998925938084323
0.9998925938084323
0.9998925938084323
0.9998925938084323
0.9998925938084323
0.9998925938084323
0.9998925938084323
0.9998925938084323
0.9998925938084323
0.9998925938084323
0.9998925938084323
0.9998925938084323
0.9998925938084323
0.9998925938084323
0.9998925938084323
0.9998925938084323
0.9998925938084323
0.9998925938084323
0.9998925938084323
0.9998925938084323
0.9998925938084323
0.9998925938084323
0.9998925938084323
0.9998925938084323
0.9998925938084323
0.9998925938084323
0.9998925938084323
0.9998925938084323
0.9998925938084323
0.9998925938084323
0.9998925938084323
0.9998925938084323
0.9998925938084323
0.9998925938084323
0.9998925938084323
0.9998925938084323
0.9998925938084323
0.9998925938084323
0.9998925938084323
0.9998925938084323
0.9998925938084323
0.9998925938084323
0.9998925938084323
0.9998925938084323
0.9998925938084323
0.9998925938084323
0.9998925938084323
0.9998925938084323
0.9998925938084323
0.9998925938084323
0.9998925938084323
0.9998925938084323
0.9998925938084323
0.9998925938084323
0.9998925938084323
0.9998925938084323
0.9998925938084323
0.9998925938084323
0.9998925938084323
0.9998925938084323
0.9998925938084323
0.9998925938084323
0.9998925938084323
0.9998925938084323
0.9998925938084323
0.9998925938084323
0.9998925938084323
0.9998925938084323
0.9998925938084323
0.9998925938084323
0.9998925938084323
0.9998925938084323
0.9998925938084323
0.9998925938084323
0.9998925938084323
0.9998925938084323
0.9998925938084323
0.9998925938084323
0.9998925938084323
0.9998925938084323
0.9998925938084323
0.9998925938084323
0.9998925938084323
0.9998925938084323
0.9998925938084323
0.9998925938084323
0.9998925938084323
0.9998925938084323
0.9998925938084323
0.9998925938084323
0.9998925938084323
0.9998925938084323
0.9998925938084323
0.9998925938084323
0.9998925938084323
0.9998925938084323
0.9998925938084323
0.9998925938084323
0.9998925938084323
0.9998925938084323
0.9998925938084323
0.9998925938084323
0.9998925938084323
0.9998925938084323
0.9998925938084323
0.9998925938084323
0.9998925938084323
0.9998925938084323
0.9998925938084323
0.9998925938084323
0.9998925938084323
0.9998925938084323
0.9998925938084323
0.9998925938084323
0.9998925938084323
0.9998925938084323
0.9998925938084323
0.9998925938084323
0.9998925938084323
0.9998925938084323
0.9998925938084323
0.9998925938084323
0.9998925938084323
0.9998925938084323
0.9998925938084323
0.9998925938084323
0.9998925938084323
0.9998925938084323
0.9998925938084323
0.9998925938084323
0.9998925938084323
0.9998925938084323
0.9998925938084323
0.9998925938084323
0.9998925938084323
0.9998925938084323
0.9998925938084323
0.9998925938084323
0.9998925938084323
0.9998925938084323
0.9998925938084323
0.9998925938084323
0.9998925938084323
0.9998925938084323
0.9998925938084323
0.9998925938084323
0.9998925938084323
0.9998925938084323
0.9998925938084323
0.9998925938084323
0.9998925938084323
0.9998925938084323
0.9998925938084323
0.9998925938084323
0.9998925938084323
0.9998925938084323
0.9998925938084323
0.9998925938084323
0.9998925938084323
0.9998925938084323
0.9998925938084323
0.9998925938084323
0.9998925938084323
0.9998925938084323
0.9998925938084323
0.9998925938084323
0.9998925938084323
0.9998925938084323
0.9998925938084323
0.9998925938084323
0.9998925938084323
0.9998925938084323
0.9998925938084323
0.9998925938084323
0.9998925938084323
0.9998925938084323
0.9998925938084323
0.9998925938084323
0.9998925938084323
0.9998925938084323
0.9998925938084323
0.9998925938084323
0.9998925938084323
0.9998925938084323
0.9998925938084323
0.9998925938084323
0.9998925938084323
0.9998925938084323
0.999926213371817
0.999926213371817
0.999926213371817
0.999926213371817
0.999926213371817
0.999926213371817
0.999926213371817
0.999926213371817
0.999926213371817
0.999926213371817
0.999926213371817
0.999926213371817
0.999926213371817
0.999926213371817
0.999926213371817
0.999926213371817
0.999926213371817
0.999926213371817
0.999926213371817
0.999926213371817
0.999926213371817
0.999926213371817
0.999926213371817
0.999926213371817
0.999926213371817
0.999926213371817
0.999926213371817
0.999926213371817
0.999926213371817
0.999926213371817
0.999926213371817
0.999926213371817
0.999926213371817
0.999926213371817
0.999926213371817
0.999926213371817
0.999926213371817
0.999926213371817
0.999926213371817
0.999926213371817
0.999926213371817
0.999926213371817
0.999926213371817
0.999926213371817
0.999926213371817
0.999926213371817
0.999926213371817
0.999926213371817
0.999926213371817
0.999926213371817
0.999926213371817
0.999926213371817
0.999926213371817
0.999926213371817
0.999926213371817
0.999926213371817
0.999926213371817
0.999926213371817
0.999926213371817
0.999926213371817
0.999926213371817
0.999926213371817
0.999926213371817
0.999926213371817
0.999926213371817
0.999926213371817
0.999926213371817
0.999926213371817
0.999926213371817
0.999926213371817
0.999926213371817
0.999926213371817
0.999926213371817
0.999926213371817
0.999926213371817
0.999926213371817
0.999926213371817
0.999926213371817
0.999926213371817
0.999926213371817
0.999926213371817
0.999926213371817
0.999926213371817
0.999926213371817
0.999926213371817
0.999926213371817
0.999926213371817
0.999926213371817
0.999926213371817
0.999926213371817
0.999926213371817
0.999926213371817
0.999926213371817
0.999926213371817
0.999926213371817
0.999926213371817
0.999926213371817
0.999926213371817
0.999926213371817
0.999926213371817
0.999926213371817
0.999926213371817
0.999926213371817
0.999926213371817
0.999926213371817
0.999926213371817
0.999926213371817
0.999926213371817
0.999926213371817
0.999926213371817
0.999926213371817
0.999926213371817
0.999926213371817
0.999926213371817
0.999926213371817
0.999926213371817
0.999926213371817
0.999926213371817
0.999926213371817
0.999926213371817
0.999926213371817
0.999926213371817
0.999926213371817
0.999926213371817
0.999926213371817
0.999926213371817
0.999926213371817
0.999926213371817
0.999926213371817
0.999926213371817
0.999926213371817
0.999926213371817
0.999926213371817
0.999926213371817
0.9999664329573662
0.9999664329573662
0.9999664329573662
0.9999664329573662
0.9999664329573662
0.9999664329573662
0.9999664329573662
0.9999664329573662
0.9999664329573662
0.9999664329573662
0.9999664329573662
0.9999664329573662
0.9999664329573662
0.9999664329573662
0.9999664329573662
0.9999664329573662
0.9999664329573662
0.9999664329573662
0.9999664329573662
0.9999664329573662
0.9999664329573662
0.9999664329573662
0.9999664329573662
0.9999664329573662
0.9999664329573662
0.9999664329573662
0.9999664329573662
0.9999664329573662
0.9999664329573662
0.9999664329573662
0.9999664329573662
0.9999664329573662
0.9999664329573662
0.9999664329573662
0.9999664329573662
0.9999664329573662
0.9999664329573662
0.9999664329573662
0.9999664329573662
0.9999664329573662
0.9999664329573662
0.9999664329573662
0.9999664329573662
0.9999664329573662
0.9999664329573662
0.9999664329573662
0.9999664329573662
0.9999664329573662
0.9999664329573662
0.9999664329573662
0.9999664329573662
0.9999664329573662
0.9999664329573662
0.9999664329573662
0.9999664329573662
0.9999664329573662
0.9999664329573662
0.9999664329573662
0.9999664329573662
0.9999664329573662
0.9999664329573662
0.9999664329573662
0.9999664329573662
0.9999664329573662
0.9999664329573662
0.9999664329573662
0.9999664329573662
0.9999664329573662
0.9999664329573662
0.9999664329573662
0.9999664329573662
0.9999664329573662
0.9999664329573662
0.9999664329573662
0.9999664329573662
0.9999664329573662
0.9999664329573662
0.9999664329573662
0.9999664329573662
0.9999664329573662
0.9999664329573662
0.9999664329573662
0.9999664329573662
0.9999664329573662
0.9999664329573662
0.9999664329573662
0.9999664329573662
0.9999664329573662
0.9999664329573662
0.9999664329573662
0.9999664329573662
0.9999664329573662
0.9999664329573662
0.9999664329573662
0.9999664329573662
0.9999664329573662
0.9999664329573662
0.9999664329573662
0.9999664329573662
0.9999664329573662
0.9999664329573662
0.9999664329573662
0.9999664329573662
0.9999664329573662
0.9999664329573662
0.9999664329573662
0.9999664329573662
0.9999664329573662
0.9999664329573662
0.9999664329573662
0.9999664329573662
0.9999664329573662
0.9999664329573662
0.9999664329573662
0.9999664329573662
0.9999664329573662
0.9999664329573662
0.9999664329573662
0.9999664329573662
0.9999664329573662
0.9999664329573662
0.9999664329573662
0.9999664329573662
0.9999664329573662
0.9999664329573662
0.9999664329573662
0.9999664329573662
0.9999664329573662
0.9999664329573662
0.9999664329573662
0.9999664329573662
0.9999664329573662
0.9999664329573662
0.9999664329573662
0.9999664329573662
0.9999664329573662
0.9999664329573662
0.9999664329573662
0.9999664329573662
0.9999664329573662
0.9999664329573662
0.9999664329573662
0.9999664329573662
0.9999664329573662
0.9999664329573662
0.9999664329573662
0.9999664329573662
0.9999664329573662
0.9999664329573662
0.9999664329573662
0.9999664329573662
0.9999664329573662
0.9999664329573662
0.9999664329573662
0.9999664329573662
0.9999664329573662
0.9999664329573662
0.9999664329573662
0.9999664329573662
0.9999664329573662
0.9999664329573662
0.9999664329573662
0.9999664329573662
0.9999664329573662
0.9999664329573662
0.9999664329573662
0.9999664329573662
0.9999664329573662
0.9999664329573662
0.9999664329573662
0.9999664329573662
0.9999664329573662
0.9999664329573662
0.9999664329573662
0.9999664329573662
0.9999664329573662
0.9999664329573662
0.9999664329573662
0.9999664329573662
0.9999664329573662
0.9999664329573662
0.9999664329573662
0.9999664329573662
0.9999664329573662
0.9999664329573662
0.9999664329573662
0.9999664329573662
0.9999664329573662
0.9999664329573662
0.9999664329573662
0.9999664329573662
0.9999664329573662
0.9999664329573662
0.9999664329573662
0.9999664329573662
0.9999664329573662
0.9999664329573662
0.9999664329573662
0.9999664329573662
0.9999664329573662
0.9999664329573662
0.9999664329573662
0.9999664329573662
0.9999664329573662
0.9999664329573662
0.9999664329573662
0.9999664329573662
0.9999664329573662
0.9999664329573662
0.9999664329573662
0.9999664329573662
0.9999664329573662
0.9999664329573662
0.9999664329573662
0.9999664329573662
0.9999664329573662
0.9999664329573662
0.9999664329573662
0.9999664329573662
0.9999664329573662
0.9999664329573662
0.9999664329573662
0.9999664329573662
0.9999664329573662
0.9999664329573662
0.9999664329573662
0.9999664329573662
0.9999664329573662
0.9999664329573662
0.9999664329573662
0.9999664329573662
0.9999664329573662
0.9999664329573662
0.9999664329573662
0.9999664329573662
0.9999664329573662
0.9999664329573662
0.9999664329573662
0.9999664329573662
0.9999664329573662
0.9999664329573662
0.9999664329573662
0.9999664329573662
0.9999664329573662
0.9999664329573662
0.9999664329573662
0.9999664329573662
0.9999664329573662
0.9999664329573662
0.9999664329573662
0.9999664329573662
0.9999664329573662
0.9999664329573662
0.9999664329573662
0.9999664329573662
0.9999664329573662
0.9999664329573662
0.9999664329573662
0.9999664329573662
0.9999664329573662
0.9999664329573662
0.9999664329573662
0.9999664329573662
0.9999664329573662
0.9999664329573662
0.9999664329573662
0.9999664329573662
0.9999664329573662
0.9999664329573662
0.9999664329573662
0.9999664329573662
0.9999664329573662
0.9999664329573662
0.9999664329573662
0.9999664329573662
0.9999664329573662
0.9999664329573662
0.9999664329573662
0.9999664329573662
0.9999664329573662
0.9999664329573662
0.9999664329573662
0.9999664329573662
0.9999664329573662
0.9999664329573662
0.9999664329573662
0.9999664329573662
0.9999664329573662
0.9999664329573662
0.9999664329573662
0.9999664329573662
0.9999664329573662
0.9999664329573662
0.9999664329573662
0.9999664329573662
0.9999664329573662
0.9999664329573662
0.9999664329573662
0.9999664329573662
0.9999664329573662
0.9999664329573662
0.9999664329573662
0.9999664329573662
0.9999664329573662
0.9999664329573662
0.9999664329573662
0.9999664329573662
0.9999664329573662
0.9999664329573662
0.9999664329573662
0.9999664329573662
0.9999664329573662
0.9999664329573662
0.9999664329573662
0.9999664329573662
0.9999664329573662
0.9999664329573662
0.9999664329573662
0.9999664329573662
0.9999664329573662
0.9999664329573662
0.9999664329573662
0.9999664329573662
0.9999664329573662
0.9999664329573662
0.9999664329573662
0.9999664329573662
0.9999664329573662
0.9999664329573662
0.9999664329573662
0.9999664329573662
0.9999664329573662
0.9999664329573662
0.9999664329573662
0.9999664329573662
0.9999664329573662
0.9999664329573662
0.9999664329573662
0.9999664329573662
0.9999664329573662
0.9999664329573662
0.9999664329573662
0.9999664329573662
0.9999664329573662
0.9999664329573662
0.9999664329573662
0.9999664329573662
0.9999664329573662
0.9999664329573662
0.9999664329573662
0.9999664329573662
0.9999664329573662
0.9999664329573662
0.9999664329573662
0.9999664329573662
0.9999664329573662
0.9999664329573662
0.9999664329573662
0.9999664329573662
0.9999664329573662
0.9999664329573662
0.9999664329573662
0.9999664329573662
0.9999664329573662
0.9999664329573662
0.9999664329573662
0.9999664329573662
0.9999664329573662
0.9999664329573662
0.9999664329573662
0.9999664329573662
0.9999664329573662
0.9999664329573662
0.9999664329573662
0.9999664329573662
0.9999664329573662
0.9999664329573662
0.9999664329573662
0.9999664329573662
0.9999664329573662
0.9999664329573662
0.9999664329573662
0.9999664329573662
0.9999664329573662
0.9999664329573662
0.9999664329573662
0.9999664329573662
0.9999664329573662
0.9999664329573662
0.9999664329573662
0.9999664329573662
0.9999664329573662
0.9999664329573662
0.9999664329573662
0.9999664329573662
0.9999664329573662
0.9999664329573662
0.9999664329573662
0.9999664329573662
0.9999664329573662
0.9999664329573662
0.9999664329573662
0.9999664329573662
0.9999664329573662
0.9999664329573662
0.9999664329573662
0.9999664329573662
0.9999664329573662
0.9999664329573662
0.9999664329573662
0.9999664329573662
0.9999664329573662
0.9999664329573662
0.9999664329573662
0.9999664329573662
0.9999664329573662
0.9999664329573662
0.9999664329573662
0.9999664329573662
0.9999664329573662
0.9999664329573662
0.9999664329573662
0.9999664329573662
0.9999664329573662
0.9999664329573662
0.9999664329573662
0.9999664329573662
0.9999664329573662
0.9999664329573662
0.9999664329573662
0.9999664329573662
0.9999664329573662
0.9999664329573662
0.9999664329573662
0.9999664329573662
0.9999664329573662
0.9999664329573662
0.9999664329573662
0.9999664329573662
0.9999664329573662
0.9999664329573662
0.9999664329573662
0.9999664329573662
0.9999664329573662
0.9999664329573662
0.9999664329573662
0.9999664329573662
0.9999664329573662
0.9999664329573662
0.9999664329573662
0.9999664329573662
0.9999664329573662
0.9999664329573662
0.9999664329573662
0.9999664329573662
0.9999664329573662
0.9999664329573662
0.9999664329573662
0.9999664329573662
0.9999664329573662
0.9999664329573662
0.9999664329573662
0.9999664329573662
0.9999664329573662
0.9999664329573662
0.9999664329573662
0.9999664329573662
0.9999664329573662
0.9999664329573662
0.9999664329573662
0.9999664329573662
0.9999664329573662
0.9999664329573662
0.9999664329573662
0.9999664329573662
0.9999664329573662
0.9999664329573662
0.9999664329573662
0.9999664329573662
0.9999664329573662
0.9999664329573662
0.9999664329573662
0.9999664329573662
0.9999664329573662
0.9999664329573662
0.9999664329573662
0.9999664329573662
0.9999664329573662
0.9999664329573662
0.9999664329573662
0.9999664329573662
0.9999664329573662
0.9999664329573662
0.9999664329573662
0.9999664329573662
0.9999664329573662
0.9999664329573662
0.9999664329573662
0.9999664329573662
0.9999664329573662
0.9999664329573662
0.9999664329573662
0.9999664329573662
0.9999664329573662
0.9999664329573662
0.9999664329573662
0.9999664329573662
0.9999664329573662
0.9999664329573662
0.9999664329573662
0.9999664329573662
0.9999664329573662
0.9999664329573662
0.9999664329573662
0.9999664329573662
0.9999664329573662
0.9999664329573662
0.9999664329573662
0.9999664329573662
0.9999664329573662
0.9999664329573662
0.9999664329573662
0.9999664329573662
0.9999664329573662
0.9999664329573662
0.9999664329573662
0.9999664329573662
0.9999664329573662
0.9999664329573662
0.9999664329573662
0.9999664329573662
0.9999664329573662
0.9999664329573662
0.9999664329573662
0.9999664329573662
0.9999664329573662
0.9999664329573662
0.9999664329573662
0.9999664329573662
0.9999664329573662
0.9999664329573662
0.9999664329573662
0.9999664329573662
0.9999664329573662
0.9999664329573662
0.9999664329573662
0.9999664329573662
0.9999664329573662
0.9999664329573662
0.9999664329573662
0.9999664329573662
0.9999664329573662
0.9999664329573662
0.9999664329573662
0.9999664329573662
0.9999664329573662
0.9999664329573662
0.9999664329573662
0.9999664329573662
0.9999664329573662
0.9999664329573662
0.9999664329573662
0.9999664329573662
0.9999664329573662
0.9999664329573662
0.9999664329573662
0.9999664329573662
0.9999664329573662
0.9999664329573662
0.9999664329573662
0.9999664329573662
0.9999664329573662
0.9999664329573662
0.9999664329573662
0.9999664329573662
0.9999664329573662
0.9999664329573662
0.9999664329573662
0.9999664329573662
0.9999664329573662
0.9999664329573662
0.9999664329573662
0.9999664329573662
0.9999664329573662
0.9999664329573662
0.9999664329573662
0.9999664329573662
0.9999664329573662
0.9999664329573662
0.9999664329573662
0.9999664329573662
0.9999664329573662
0.9999664329573662
0.9999664329573662
0.9999664329573662
0.9999664329573662
0.9999664329573662
0.9999664329573662
0.9999664329573662
0.9999664329573662
0.9999664329573662
0.9999664329573662
0.9999664329573662
0.9999664329573662
0.9999664329573662
0.9999664329573662
0.9999664329573662
0.9999664329573662
0.9999664329573662
0.9999664329573662
0.9999664329573662
0.9999664329573662
0.9999664329573662
0.9999664329573662
0.9999664329573662
0.9999664329573662
0.9999664329573662
0.9999664329573662
0.9999664329573662
0.9999664329573662
0.9999664329573662
0.9999664329573662
0.9999664329573662
0.9999664329573662
0.9999664329573662
0.9999664329573662
0.9999664329573662
0.9999664329573662
0.9999664329573662
0.9999664329573662
0.9999664329573662
0.9999664329573662
0.9999664329573662
0.9999664329573662
0.9999664329573662
0.9999664329573662
0.9999664329573662
0.9999664329573662
0.9999664329573662
