0.18164191465911395
0.12801400230887555
0.10234741642173362
0.08768761057769482
0.07514271702310468
0.06793532448255359
0.061678515439714296
0.05653806276693473
0.05198759074363034
0.048221052248843155
0.04516620387545263
0.04249891252116497
0.04004006956187738
0.038373610610202856
0.03640474372544202
0.034628952099984366
0.03276805464073871
0.03119530971217482
0.029863098917980425
0.028623305877277856
0.027257834794220254
0.026274682649144874
0.025350175499637237
0.024453191638895547
0.02332220733985873
0.022521263460912575
0.021939315030720923
0.021088129975948156
0.0203917726364867
0.019780946986013497
0.01910080722752342
0.018582328441796175
0.017870414355262564
0.017277657897161035
0.016760424904591176
0.016135169706796043
0.015569347343898142
0.015029505402243225
0.014591583065571128
0.01425089423287698
0.01398017537230594
0.013510143545602506
0.013178032127272813
0.012816973881530977
0.012453481719115067
0.01212358115194698
0.011792101682206572
0.011513885465955878
0.011259778789157593
0.010954772043291486
0.010670363274870446
0.010396462638921383
0.010174038035082612
0.009968799554370208
0.009733569617107295
0.009486950681607643
0.00925274256393277
0.009097273137584136
0.00889200115177083
0.00866381521412851
0.008479030981125376
0.00829766278374912
0.008061108630347688
0.007897948889493123
0.00772512069967969
0.0075964921330207375
0.007529179351903298
0.007386051531784025
0.007276227940195424
0.007144783273252105
0.006948964042357875
0.0068106882462257295
0.006756339540718637
0.00664586237982765
0.006538281883984788
0.006449518550935745
0.006331764047682081
0.006259304298920275
0.006203332539305155
0.006040624032990162
0.005963240294660797
0.0058819241399493015
0.005782106409029742
0.005718811073071154
0.005648145271636865
0.005581170950281431
0.005517351115537368
0.005398178640982456
0.0053534225892869144
0.005232495253605278
0.005194751743757225
0.005141133636609265
0.0050656841829185275
0.005030616652776565
0.004899532080244317
0.004821325561766886
0.0047529808109207355
0.004667344853825106
0.0046373604458008035
0.004577727614616903
0.004542389711423077
0.004492202114532869
0.004406884887054406
0.004379825183474894
0.004328484901204621
0.004287986373983818
0.004206950772700072
0.004143486365809213
0.0040929630423218386
0.004053331474118332
0.004027367587481048
0.0039896456663891765
0.003966812182702167
0.003938153946508561
0.0038884605848455065
0.003837820984303891
0.0037979866149593583
0.0037791817274366282
0.003701766405970399
0.0036505607365288624
0.003627110293803055
0.0035914077411130013
0.003552029070232025
0.0035151565242338275
0.003459838100076973
0.003417701060300652
0.0033797645835394363
0.003361361899135571
0.003361361899135571
0.003318519544378201
0.0033083443892010828
0.003280257927755646
0.0032759655831200527
0.0032533858752478093
0.0032374253721156546
0.003236472004205544
0.0031807168855406335
0.003151749743470531
0.003120235409305916
0.0030757047673764175
0.0030696188227481006
0.003037333702344907
0.002995437148630397
0.002960912880938507
0.0029224454566236535
0.002892279230618542
0.0028488185779609924
0.0028380947888779484
0.0027943808836230297
0.0027688143835030194
0.0027327889086003576
0.00270543429885582
0.0026766676647006905
0.002648752192054083
0.0026143402350556014
0.002584290863041151
0.002565143645649903
0.002558090548107817
0.0025233630583196567
0.002446060712253179
0.002445859918423037
0.002445859918423037
0.002436196871098233
0.002436196871098233
0.002400253915506718
0.002386660942335199
0.002386660942335199
0.0023695672174041996
0.0023637715609236385
0.002351295818236887
0.002351295818236887
0.0023497630758464285
0.002295306616996949
0.002276096771440206
0.0022542207214889223
0.0022450856586868216
0.0022252971826383205
0.002203453554447072
0.0021836199404317077
0.0021640784186277855
0.0021597715724264903
0.0021419826381438387
0.002134782412619318
0.0021163541296166442
0.0020995553873570287
0.002085476739506243
0.002048288658482545
0.0020448529371878466
0.002029931781782489
0.0020171977314678425
0.0019882087741088356
0.0019712140616725306
0.001958116832105137
0.0019245662652716137
0.0019130597634823326
0.0019130597634823326
0.001895086876205933
0.0018781362019425019
0.0018671165575271746
0.0018551719165414617
0.0018551719165414617
0.0018227496595911573
0.0018227496595911573
0.0018227496595911573
0.0018057718013581871
0.0017643705942469382
0.0017643705942469382
0.0017643705942469382
0.0017527880626131145
0.0017527880626131145
0.0017527880626131145
0.001739100349547982
0.0017265971755055932
0.001707905969921784
0.0016926822763253975
0.0016926822763253975
0.0016926822763253975
0.0016840878935171432
0.0016840878935171432
0.0016775292829287398
0.001656826158072058
0.001656826158072058
0.0016414955410291336
0.0016077203049742602
0.0015903087250162809
0.0015810556405497368
0.0015810556405497368
0.0015810556405497368
0.0015600171903229617
0.0015329367309412222
0.0015026619215451902
0.0015026619215451902
0.0014615810934559591
0.001433469291646153
0.001433469291646153
0.001423642949083413
0.001423642949083413
0.001423642949083413
0.001423642949083413
0.001423642949083413
0.0014158943525283893
0.0014158943525283893
0.0013983275619144542
0.0013983275619144542
0.00138747625505287
0.00138747625505287
0.00138747625505287
0.0013634946328279142
0.0013634946328279142
0.0013634946328279142
0.0013634946328279142
0.0013512789098087507
0.0013332736858707817
0.0013332736858707817
0.0013332736858707817
0.0013332736858707817
0.0013332736858707817
0.0013087516136701608
0.0013087516136701608
0.0013087516136701608
0.0013087516136701608
0.0013087516136701608
0.0013087516136701608
0.0013087516136701608
0.001289997380469316
0.0012774987348909668
0.0012774987348909668
0.0012774987348909668
0.001270553229574423
0.001270553229574423
0.001270553229574423
0.001270553229574423
0.001270553229574423
0.0012582013509855657
0.0012458851974054492
0.0012458851974054492
0.0012458851974054492
0.0012458851974054492
0.0012458851974054492
0.0012458851974054492
0.0012458851974054492
0.0012458851974054492
0.001208681913525634
0.001208681913525634
0.001208681913525634
0.001208681913525634
0.001208681913525634
0.001208681913525634
0.001208681913525634
0.001208681913525634
0.0012039226185514996
0.0012039226185514996
0.0012039226185514996
0.0012039226185514996
0.0012039226185514996
0.0011989435375005639
0.0011989435375005639
0.0011843979523154485
0.0011843979523154485
0.0011843979523154485
0.0011843979523154485
0.001157685963792478
0.001157685963792478
0.001157685963792478
0.0011522962863273016
0.0011522962863273016
0.0011522962863273016
0.0011522962863273016
0.00114202734553058
0.00114202734553058
0.00114202734553058
0.00114202734553058
0.00114202734553058
0.00114202734553058
0.001126935326739299
0.0011235121886144159
0.0011235121886144159
0.0011235121886144159
0.0011235121886144159
0.0011235121886144159
0.0011235121886144159
0.0011235121886144159
0.0011235121886144159
0.0011235121886144159
0.0011235121886144159
0.0010995376359009903
0.0010995376359009903
0.0010761943151184545
0.00104847605279802
0.0010208075816689327
0.0010208075816689327
0.0010120528026697291
0.0010120528026697291
0.001000699141606702
0.001000699141606702
0.001000699141606702
0.001000699141606702
9.93103980725516E-4
9.93103980725516E-4
9.93103980725516E-4
9.841417896540572E-4
9.76438222653072E-4
9.76438222653072E-4
9.76438222653072E-4
9.601300191572772E-4
9.601300191572772E-4
9.601300191572772E-4
9.425979938031079E-4
9.425979938031079E-4
9.425979938031079E-4
9.425979938031079E-4
9.425979938031079E-4
9.425979938031079E-4
9.425979938031079E-4
9.425979938031079E-4
9.425979938031079E-4
9.425979938031079E-4
9.425979938031079E-4
9.425979938031079E-4
9.425979938031079E-4
9.425979938031079E-4
9.425979938031079E-4
9.425979938031079E-4
9.425979938031079E-4
9.425979938031079E-4
9.425979938031079E-4
9.425979938031079E-4
9.425979938031079E-4
9.425979938031079E-4
9.425979938031079E-4
9.425979938031079E-4
9.425979938031079E-4
9.425979938031079E-4
9.2581611945946E-4
9.2581611945946E-4
9.2581611945946E-4
9.2581611945946E-4
9.2581611945946E-4
9.2581611945946E-4
9.2581611945946E-4
8.745607150790869E-4
8.745607150790869E-4
8.745607150790869E-4
8.615100705137426E-4
8.615100705137426E-4
8.452959101348202E-4
8.452959101348202E-4
8.452959101348202E-4
8.285842010163387E-4
8.285842010163387E-4
8.285842010163387E-4
8.285842010163387E-4
8.285842010163387E-4
8.285842010163387E-4
8.285842010163387E-4
8.285842010163387E-4
8.285842010163387E-4
8.285842010163387E-4
8.285842010163387E-4
8.285842010163387E-4
8.285842010163387E-4
8.285842010163387E-4
8.285842010163387E-4
8.285842010163387E-4
8.285842010163387E-4
8.285842010163387E-4
8.175466253073246E-4
8.175466253073246E-4
8.175466253073246E-4
8.175466253073246E-4
8.175466253073246E-4
7.973398424892163E-4
7.973398424892163E-4
7.973398424892163E-4
7.973398424892163E-4
7.973398424892163E-4
7.973398424892163E-4
7.973398424892163E-4
7.973398424892163E-4
7.973398424892163E-4
7.973398424892163E-4
7.829880765341824E-4
7.829880765341824E-4
7.829880765341824E-4
7.675503883665438E-4
7.675503883665438E-4
7.492452506515933E-4
7.348037434327974E-4
7.348037434327974E-4
7.348037434327974E-4
7.348037434327974E-4
7.348037434327974E-4
7.348037434327974E-4
7.348037434327974E-4
7.348037434327974E-4
7.348037434327974E-4
7.348037434327974E-4
7.348037434327974E-4
7.19623100775124E-4
7.19623100775124E-4
7.19623100775124E-4
7.19623100775124E-4
7.19623100775124E-4
7.19623100775124E-4
7.19623100775124E-4
7.19623100775124E-4
7.19623100775124E-4
7.19623100775124E-4
7.19623100775124E-4
7.19623100775124E-4
7.19623100775124E-4
7.19623100775124E-4
7.19623100775124E-4
7.19623100775124E-4
7.19623100775124E-4
7.19623100775124E-4
6.989979121544629E-4
6.989979121544629E-4
6.989979121544629E-4
6.989979121544629E-4
6.989979121544629E-4
6.989979121544629E-4
6.989979121544629E-4
6.989979121544629E-4
6.989979121544629E-4
6.989979121544629E-4
6.989979121544629E-4
6.864003143740926E-4
6.864003143740926E-4
6.864003143740926E-4
6.864003143740926E-4
6.864003143740926E-4
6.864003143740926E-4
6.864003143740926E-4
6.864003143740926E-4
6.661517055698782E-4
6.661517055698782E-4
6.661517055698782E-4
6.661517055698782E-4
6.661517055698782E-4
6.661517055698782E-4
6.661517055698782E-4
6.661517055698782E-4
6.661517055698782E-4
6.661517055698782E-4
6.661517055698782E-4
6.661517055698782E-4
6.661517055698782E-4
6.661517055698782E-4
6.661517055698782E-4
6.661517055698782E-4
6.661517055698782E-4
6.661517055698782E-4
6.661517055698782E-4
6.499037518889835E-4
6.499037518889835E-4
6.499037518889835E-4
6.499037518889835E-4
6.499037518889835E-4
6.499037518889835E-4
6.499037518889835E-4
6.499037518889835E-4
6.499037518889835E-4
6.499037518889835E-4
6.499037518889835E-4
6.499037518889835E-4
6.499037518889835E-4
6.499037518889835E-4
6.499037518889835E-4
6.499037518889835E-4
6.499037518889835E-4
6.499037518889835E-4
6.499037518889835E-4
6.499037518889835E-4
6.499037518889835E-4
6.499037518889835E-4
6.499037518889835E-4
6.499037518889835E-4
6.499037518889835E-4
6.499037518889835E-4
6.196149273395227E-4
6.196149273395227E-4
6.196149273395227E-4
6.196149273395227E-4
6.196149273395227E-4
6.196149273395227E-4
6.196149273395227E-4
6.196149273395227E-4
6.196149273395227E-4
6.196149273395227E-4
6.196149273395227E-4
6.196149273395227E-4
6.196149273395227E-4
6.196149273395227E-4
6.196149273395227E-4
6.196149273395227E-4
6.196149273395227E-4
6.196149273395227E-4
6.196149273395227E-4
6.196149273395227E-4
6.196149273395227E-4
6.196149273395227E-4
6.196149273395227E-4
6.196149273395227E-4
6.196149273395227E-4
6.196149273395227E-4
6.196149273395227E-4
6.196149273395227E-4
6.196149273395227E-4
6.196149273395227E-4
6.196149273395227E-4
6.196149273395227E-4
6.196149273395227E-4
6.196149273395227E-4
6.196149273395227E-4
6.196149273395227E-4
6.196149273395227E-4
6.196149273395227E-4
6.196149273395227E-4
6.196149273395227E-4
6.196149273395227E-4
6.196149273395227E-4
6.196149273395227E-4
6.196149273395227E-4
6.196149273395227E-4
6.196149273395227E-4
6.196149273395227E-4
6.196149273395227E-4
6.196149273395227E-4
6.196149273395227E-4
6.196149273395227E-4
6.196149273395227E-4
6.196149273395227E-4
6.196149273395227E-4
6.196149273395227E-4
6.196149273395227E-4
6.196149273395227E-4
6.196149273395227E-4
6.196149273395227E-4
6.196149273395227E-4
6.196149273395227E-4
6.196149273395227E-4
6.196149273395227E-4
6.196149273395227E-4
6.196149273395227E-4
6.196149273395227E-4
6.196149273395227E-4
6.196149273395227E-4
6.196149273395227E-4
6.196149273395227E-4
6.196149273395227E-4
6.196149273395227E-4
6.196149273395227E-4
6.196149273395227E-4
6.196149273395227E-4
6.196149273395227E-4
6.196149273395227E-4
6.196149273395227E-4
6.196149273395227E-4
6.196149273395227E-4
6.196149273395227E-4
6.196149273395227E-4
6.196149273395227E-4
6.196149273395227E-4
6.196149273395227E-4
6.196149273395227E-4
6.196149273395227E-4
6.196149273395227E-4
6.196149273395227E-4
6.196149273395227E-4
6.196149273395227E-4
6.196149273395227E-4
6.196149273395227E-4
6.196149273395227E-4
6.196149273395227E-4
6.196149273395227E-4
6.196149273395227E-4
6.196149273395227E-4
6.196149273395227E-4
6.196149273395227E-4
6.196149273395227E-4
6.196149273395227E-4
6.196149273395227E-4
6.196149273395227E-4
6.196149273395227E-4
6.196149273395227E-4
6.196149273395227E-4
6.196149273395227E-4
6.196149273395227E-4
6.196149273395227E-4
6.196149273395227E-4
6.196149273395227E-4
6.196149273395227E-4
6.196149273395227E-4
6.196149273395227E-4
6.196149273395227E-4
6.196149273395227E-4
6.196149273395227E-4
6.196149273395227E-4
6.196149273395227E-4
6.196149273395227E-4
6.196149273395227E-4
6.196149273395227E-4
6.196149273395227E-4
6.196149273395227E-4
6.196149273395227E-4
6.196149273395227E-4
6.196149273395227E-4
6.196149273395227E-4
6.196149273395227E-4
6.196149273395227E-4
5.97849879110725E-4
5.97849879110725E-4
5.97849879110725E-4
5.97849879110725E-4
5.97849879110725E-4
5.97849879110725E-4
5.97849879110725E-4
5.97849879110725E-4
5.97849879110725E-4
5.97849879110725E-4
5.97849879110725E-4
5.97849879110725E-4
5.97849879110725E-4
5.97849879110725E-4
5.97849879110725E-4
5.97849879110725E-4
5.97849879110725E-4
5.97849879110725E-4
5.97849879110725E-4
5.97849879110725E-4
5.97849879110725E-4
5.97849879110725E-4
5.97849879110725E-4
5.97849879110725E-4
5.97849879110725E-4
5.97849879110725E-4
5.97849879110725E-4
5.97849879110725E-4
5.97849879110725E-4
5.97849879110725E-4
5.97849879110725E-4
5.97849879110725E-4
5.97849879110725E-4
5.97849879110725E-4
5.97849879110725E-4
5.97849879110725E-4
5.97849879110725E-4
5.97849879110725E-4
5.97849879110725E-4
5.97849879110725E-4
5.97849879110725E-4
5.97849879110725E-4
5.97849879110725E-4
5.97849879110725E-4
5.97849879110725E-4
5.97849879110725E-4
5.97849879110725E-4
5.97849879110725E-4
5.97849879110725E-4
5.97849879110725E-4
5.773224492002624E-4
5.773224492002624E-4
5.773224492002624E-4
5.773224492002624E-4
5.773224492002624E-4
5.773224492002624E-4
5.773224492002624E-4
5.773224492002624E-4
5.773224492002624E-4
5.773224492002624E-4
5.773224492002624E-4
5.773224492002624E-4
5.773224492002624E-4
5.773224492002624E-4
5.773224492002624E-4
5.773224492002624E-4
5.773224492002624E-4
5.773224492002624E-4
5.773224492002624E-4
5.773224492002624E-4
5.773224492002624E-4
5.773224492002624E-4
5.773224492002624E-4
5.773224492002624E-4
5.773224492002624E-4
5.773224492002624E-4
5.773224492002624E-4
5.773224492002624E-4
5.773224492002624E-4
5.773224492002624E-4
5.773224492002624E-4
5.773224492002624E-4
5.773224492002624E-4
5.773224492002624E-4
5.773224492002624E-4
5.773224492002624E-4
5.773224492002624E-4
5.773224492002624E-4
5.773224492002624E-4
5.773224492002624E-4
5.773224492002624E-4
5.773224492002624E-4
5.773224492002624E-4
5.773224492002624E-4
5.773224492002624E-4
5.773224492002624E-4
5.773224492002624E-4
5.58096365609153E-4
5.58096365609153E-4
5.58096365609153E-4
5.58096365609153E-4
5.58096365609153E-4
5.58096365609153E-4
5.58096365609153E-4
5.58096365609153E-4
5.58096365609153E-4
5.58096365609153E-4
5.58096365609153E-4
5.58096365609153E-4
5.58096365609153E-4
5.58096365609153E-4
5.58096365609153E-4
5.58096365609153E-4
5.58096365609153E-4
5.58096365609153E-4
5.58096365609153E-4
5.58096365609153E-4
5.58096365609153E-4
5.58096365609153E-4
5.58096365609153E-4
5.58096365609153E-4
5.58096365609153E-4
5.58096365609153E-4
5.58096365609153E-4
5.385888226804997E-4
5.385888226804997E-4
5.385888226804997E-4
5.385888226804997E-4
5.385888226804997E-4
5.385888226804997E-4
5.385888226804997E-4
5.385888226804997E-4
5.385888226804997E-4
5.385888226804997E-4
5.385888226804997E-4
5.385888226804997E-4
5.385888226804997E-4
4.959692873085066E-4
4.959692873085066E-4
4.959692873085066E-4
4.959692873085066E-4
4.959692873085066E-4
4.959692873085066E-4
4.959692873085066E-4
4.959692873085066E-4
4.959692873085066E-4
4.959692873085066E-4
4.959692873085066E-4
4.959692873085066E-4
4.959692873085066E-4
4.959692873085066E-4
4.959692873085066E-4
4.959692873085066E-4
4.959692873085066E-4
4.959692873085066E-4
4.959692873085066E-4
4.774599280393182E-4
4.774599280393182E-4
4.774599280393182E-4
4.774599280393182E-4
4.774599280393182E-4
4.774599280393182E-4
4.774599280393182E-4
4.774599280393182E-4
4.774599280393182E-4
4.774599280393182E-4
4.774599280393182E-4
4.774599280393182E-4
4.774599280393182E-4
4.774599280393182E-4
4.774599280393182E-4
4.774599280393182E-4
4.774599280393182E-4
4.774599280393182E-4
4.774599280393182E-4
4.774599280393182E-4
4.774599280393182E-4
4.774599280393182E-4
4.774599280393182E-4
4.774599280393182E-4
4.774599280393182E-4
4.774599280393182E-4
4.774599280393182E-4
4.774599280393182E-4
4.774599280393182E-4
4.774599280393182E-4
4.774599280393182E-4
4.774599280393182E-4
4.774599280393182E-4
4.774599280393182E-4
4.774599280393182E-4
4.774599280393182E-4
4.774599280393182E-4
4.774599280393182E-4
4.774599280393182E-4
4.774599280393182E-4
4.774599280393182E-4
4.774599280393182E-4
4.774599280393182E-4
4.774599280393182E-4
4.774599280393182E-4
4.774599280393182E-4
4.774599280393182E-4
4.774599280393182E-4
4.774599280393182E-4
4.774599280393182E-4
4.774599280393182E-4
4.774599280393182E-4
4.774599280393182E-4
4.774599280393182E-4
4.774599280393182E-4
4.774599280393182E-4
4.774599280393182E-4
4.774599280393182E-4
4.774599280393182E-4
4.774599280393182E-4
4.774599280393182E-4
4.774599280393182E-4
4.774599280393182E-4
4.774599280393182E-4
4.774599280393182E-4
4.774599280393182E-4
4.774599280393182E-4
4.774599280393182E-4
4.774599280393182E-4
4.774599280393182E-4
4.774599280393182E-4
4.774599280393182E-4
4.774599280393182E-4
4.774599280393182E-4
4.774599280393182E-4
4.774599280393182E-4
4.774599280393182E-4
4.774599280393182E-4
4.774599280393182E-4
4.774599280393182E-4
4.774599280393182E-4
4.774599280393182E-4
4.774599280393182E-4
4.774599280393182E-4
4.774599280393182E-4
4.774599280393182E-4
4.774599280393182E-4
4.774599280393182E-4
4.774599280393182E-4
4.774599280393182E-4
4.774599280393182E-4
4.774599280393182E-4
4.774599280393182E-4
4.774599280393182E-4
4.774599280393182E-4
4.774599280393182E-4
4.774599280393182E-4
4.774599280393182E-4
4.774599280393182E-4
4.774599280393182E-4
4.774599280393182E-4
4.774599280393182E-4
4.774599280393182E-4
4.774599280393182E-4
4.774599280393182E-4
4.774599280393182E-4
4.774599280393182E-4
4.774599280393182E-4
4.774599280393182E-4
4.774599280393182E-4
4.774599280393182E-4
4.774599280393182E-4
4.774599280393182E-4
4.774599280393182E-4
4.774599280393182E-4
4.774599280393182E-4
4.774599280393182E-4
4.774599280393182E-4
4.774599280393182E-4
4.774599280393182E-4
4.774599280393182E-4
4.774599280393182E-4
4.774599280393182E-4
4.774599280393182E-4
4.774599280393182E-4
4.774599280393182E-4
4.774599280393182E-4
4.774599280393182E-4
4.774599280393182E-4
4.774599280393182E-4
4.774599280393182E-4
4.774599280393182E-4
4.774599280393182E-4
4.774599280393182E-4
4.774599280393182E-4
4.774599280393182E-4
4.774599280393182E-4
4.774599280393182E-4
4.774599280393182E-4
4.774599280393182E-4
4.774599280393182E-4
4.774599280393182E-4
4.774599280393182E-4
4.774599280393182E-4
4.774599280393182E-4
4.774599280393182E-4
4.774599280393182E-4
4.774599280393182E-4
4.774599280393182E-4
4.774599280393182E-4
4.774599280393182E-4
4.774599280393182E-4
4.774599280393182E-4
4.774599280393182E-4
4.774599280393182E-4
4.774599280393182E-4
4.774599280393182E-4
4.774599280393182E-4
4.774599280393182E-4
4.774599280393182E-4
4.774599280393182E-4
4.774599280393182E-4
4.774599280393182E-4
4.774599280393182E-4
4.774599280393182E-4
4.774599280393182E-4
4.774599280393182E-4
4.774599280393182E-4
4.774599280393182E-4
4.774599280393182E-4
4.774599280393182E-4
4.774599280393182E-4
4.774599280393182E-4
4.774599280393182E-4
4.774599280393182E-4
4.774599280393182E-4
4.774599280393182E-4
4.774599280393182E-4
4.774599280393182E-4
4.774599280393182E-4
4.774599280393182E-4
4.774599280393182E-4
4.774599280393182E-4
4.774599280393182E-4
4.774599280393182E-4
4.774599280393182E-4
4.774599280393182E-4
4.774599280393182E-4
4.774599280393182E-4
4.774599280393182E-4
4.774599280393182E-4
4.774599280393182E-4
4.774599280393182E-4
4.774599280393182E-4
4.774599280393182E-4
4.774599280393182E-4
4.774599280393182E-4
4.774599280393182E-4
4.774599280393182E-4
4.546143109173505E-4
4.546143109173505E-4
4.546143109173505E-4
4.546143109173505E-4
4.546143109173505E-4
4.546143109173505E-4
4.546143109173505E-4
4.546143109173505E-4
4.546143109173505E-4
4.546143109173505E-4
4.546143109173505E-4
4.546143109173505E-4
4.546143109173505E-4
4.546143109173505E-4
4.546143109173505E-4
4.546143109173505E-4
4.546143109173505E-4
4.546143109173505E-4
4.546143109173505E-4
4.546143109173505E-4
4.546143109173505E-4
4.546143109173505E-4
4.546143109173505E-4
4.546143109173505E-4
4.546143109173505E-4
4.546143109173505E-4
4.1963936087380965E-4
4.1963936087380965E-4
4.1963936087380965E-4
4.1963936087380965E-4
4.1963936087380965E-4
4.1963936087380965E-4
4.1963936087380965E-4
4.1963936087380965E-4
4.1963936087380965E-4
4.1963936087380965E-4
4.1963936087380965E-4
4.1963936087380965E-4
4.1963936087380965E-4
4.1963936087380965E-4
4.1963936087380965E-4
4.1963936087380965E-4
4.1963936087380965E-4
4.1963936087380965E-4
4.1963936087380965E-4
4.1963936087380965E-4
4.1963936087380965E-4
4.1963936087380965E-4
4.1963936087380965E-4
4.1963936087380965E-4
4.1963936087380965E-4
4.1963936087380965E-4
4.1963936087380965E-4
4.1963936087380965E-4
4.1963936087380965E-4
4.1963936087380965E-4
4.1963936087380965E-4
4.1963936087380965E-4
4.1963936087380965E-4
4.1963936087380965E-4
4.1963936087380965E-4
4.1963936087380965E-4
4.1963936087380965E-4
4.1963936087380965E-4
4.1963936087380965E-4
4.1963936087380965E-4
4.1963936087380965E-4
4.1963936087380965E-4
4.1963936087380965E-4
4.1963936087380965E-4
4.1963936087380965E-4
4.1963936087380965E-4
4.1963936087380965E-4
4.1963936087380965E-4
4.1963936087380965E-4
4.1963936087380965E-4
4.1963936087380965E-4
4.1963936087380965E-4
4.1963936087380965E-4
4.1963936087380965E-4
4.1963936087380965E-4
4.1963936087380965E-4
4.1963936087380965E-4
4.1963936087380965E-4
4.1963936087380965E-4
4.1963936087380965E-4
4.1963936087380965E-4
4.1963936087380965E-4
4.1963936087380965E-4
4.1963936087380965E-4
4.1963936087380965E-4
4.1963936087380965E-4
4.1963936087380965E-4
4.1963936087380965E-4
4.1963936087380965E-4
4.1963936087380965E-4
4.1963936087380965E-4
4.1963936087380965E-4
4.1963936087380965E-4
4.1963936087380965E-4
4.1963936087380965E-4
4.1963936087380965E-4
4.1963936087380965E-4
4.1963936087380965E-4
4.1963936087380965E-4
4.1963936087380965E-4
4.1963936087380965E-4
4.1963936087380965E-4
3.920563361770029E-4
3.920563361770029E-4
3.920563361770029E-4
3.920563361770029E-4
3.920563361770029E-4
3.920563361770029E-4
3.920563361770029E-4
3.920563361770029E-4
3.920563361770029E-4
3.920563361770029E-4
3.920563361770029E-4
3.920563361770029E-4
3.920563361770029E-4
3.920563361770029E-4
3.920563361770029E-4
3.920563361770029E-4
3.920563361770029E-4
3.920563361770029E-4
3.920563361770029E-4
3.920563361770029E-4
3.920563361770029E-4
3.920563361770029E-4
3.920563361770029E-4
3.920563361770029E-4
3.920563361770029E-4
3.920563361770029E-4
3.920563361770029E-4
3.920563361770029E-4
3.920563361770029E-4
3.920563361770029E-4
3.5736706220856196E-4
3.5736706220856196E-4
3.5736706220856196E-4
3.5736706220856196E-4
3.5736706220856196E-4
3.5736706220856196E-4
3.5736706220856196E-4
3.5736706220856196E-4
3.5736706220856196E-4
3.5736706220856196E-4
3.5736706220856196E-4
3.1619819447105445E-4
3.1619819447105445E-4
3.1619819447105445E-4
3.1619819447105445E-4
3.1619819447105445E-4
3.1619819447105445E-4
3.1619819447105445E-4
3.1619819447105445E-4
3.1619819447105445E-4
3.1619819447105445E-4
3.1619819447105445E-4
3.1619819447105445E-4
3.1619819447105445E-4
3.1619819447105445E-4
3.1619819447105445E-4
3.1619819447105445E-4
3.1619819447105445E-4
3.1619819447105445E-4
3.1619819447105445E-4
3.1619819447105445E-4
3.1619819447105445E-4
3.1619819447105445E-4
3.1619819447105445E-4
3.1619819447105445E-4
3.1619819447105445E-4
3.1619819447105445E-4
3.1619819447105445E-4
3.1619819447105445E-4
3.1619819447105445E-4
3.1619819447105445E-4
3.1619819447105445E-4
3.1619819447105445E-4
3.1619819447105445E-4
3.1619819447105445E-4
3.1619819447105445E-4
3.1619819447105445E-4
3.1619819447105445E-4
3.1619819447105445E-4
3.1619819447105445E-4
3.1619819447105445E-4
3.1619819447105445E-4
3.1619819447105445E-4
3.1619819447105445E-4
3.1619819447105445E-4
2.913910615889639E-4
2.913910615889639E-4
2.913910615889639E-4
2.913910615889639E-4
2.913910615889639E-4
2.913910615889639E-4
2.913910615889639E-4
2.913910615889639E-4
2.913910615889639E-4
2.913910615889639E-4
2.913910615889639E-4
2.913910615889639E-4
2.913910615889639E-4
2.913910615889639E-4
2.913910615889639E-4
2.913910615889639E-4
2.913910615889639E-4
2.913910615889639E-4
2.913910615889639E-4
2.913910615889639E-4
2.913910615889639E-4
2.913910615889639E-4
2.913910615889639E-4
2.913910615889639E-4
2.913910615889639E-4
2.913910615889639E-4
2.913910615889639E-4
2.913910615889639E-4
2.913910615889639E-4
2.913910615889639E-4
2.913910615889639E-4
2.913910615889639E-4
2.913910615889639E-4
2.913910615889639E-4
2.913910615889639E-4
2.913910615889639E-4
2.913910615889639E-4
2.913910615889639E-4
2.913910615889639E-4
2.913910615889639E-4
2.913910615889639E-4
2.913910615889639E-4
2.913910615889639E-4
2.913910615889639E-4
2.913910615889639E-4
2.913910615889639E-4
2.913910615889639E-4
2.913910615889639E-4
2.913910615889639E-4
2.913910615889639E-4
2.913910615889639E-4
2.913910615889639E-4
2.913910615889639E-4
2.913910615889639E-4
2.913910615889639E-4
2.913910615889639E-4
2.913910615889639E-4
2.913910615889639E-4
2.913910615889639E-4
2.913910615889639E-4
2.913910615889639E-4
2.913910615889639E-4
2.913910615889639E-4
2.913910615889639E-4
2.913910615889639E-4
2.913910615889639E-4
2.913910615889639E-4
2.913910615889639E-4
2.913910615889639E-4
2.913910615889639E-4
2.913910615889639E-4
2.913910615889639E-4
2.913910615889639E-4
2.913910615889639E-4
2.913910615889639E-4
2.913910615889639E-4
2.913910615889639E-4
2.913910615889639E-4
2.913910615889639E-4
2.913910615889639E-4
2.913910615889639E-4
2.913910615889639E-4
2.913910615889639E-4
2.913910615889639E-4
2.913910615889639E-4
2.913910615889639E-4
2.913910615889639E-4
2.913910615889639E-4
2.913910615889639E-4
2.913910615889639E-4
2.913910615889639E-4
2.913910615889639E-4
2.913910615889639E-4
2.913910615889639E-4
2.913910615889639E-4
2.913910615889639E-4
2.913910615889639E-4
2.913910615889639E-4
2.913910615889639E-4
2.913910615889639E-4
2.454027236449214E-4
2.454027236449214E-4
2.454027236449214E-4
2.454027236449214E-4
2.454027236449214E-4
2.454027236449214E-4
2.454027236449214E-4
2.454027236449214E-4
2.454027236449214E-4
2.454027236449214E-4
2.454027236449214E-4
2.454027236449214E-4
2.454027236449214E-4
2.454027236449214E-4
2.454027236449214E-4
2.454027236449214E-4
2.454027236449214E-4
2.454027236449214E-4
2.454027236449214E-4
2.454027236449214E-4
2.454027236449214E-4
2.454027236449214E-4
2.454027236449214E-4
2.454027236449214E-4
2.454027236449214E-4
2.454027236449214E-4
2.454027236449214E-4
2.454027236449214E-4
2.454027236449214E-4
2.454027236449214E-4
2.454027236449214E-4
2.454027236449214E-4
2.454027236449214E-4
2.454027236449214E-4
2.454027236449214E-4
2.454027236449214E-4
2.454027236449214E-4
2.454027236449214E-4
2.454027236449214E-4
2.454027236449214E-4
2.454027236449214E-4
2.454027236449214E-4
2.454027236449214E-4
2.454027236449214E-4
2.454027236449214E-4
2.454027236449214E-4
2.454027236449214E-4
2.454027236449214E-4
2.454027236449214E-4
2.454027236449214E-4
2.454027236449214E-4
2.454027236449214E-4
2.454027236449214E-4
2.454027236449214E-4
2.454027236449214E-4
2.454027236449214E-4
2.454027236449214E-4
2.454027236449214E-4
2.454027236449214E-4
2.454027236449214E-4
2.454027236449214E-4
2.454027236449214E-4
2.454027236449214E-4
2.454027236449214E-4
2.454027236449214E-4
2.454027236449214E-4
2.454027236449214E-4
2.454027236449214E-4
2.454027236449214E-4
2.454027236449214E-4
2.454027236449214E-4
2.454027236449214E-4
2.454027236449214E-4
2.454027236449214E-4
2.454027236449214E-4
2.454027236449214E-4
2.454027236449214E-4
2.454027236449214E-4
2.454027236449214E-4
2.454027236449214E-4
2.454027236449214E-4
2.454027236449214E-4
2.454027236449214E-4
2.454027236449214E-4
2.454027236449214E-4
2.454027236449214E-4
2.454027236449214E-4
2.454027236449214E-4
2.454027236449214E-4
2.454027236449214E-4
2.454027236449214E-4
2.454027236449214E-4
2.454027236449214E-4
2.454027236449214E-4
2.454027236449214E-4
2.454027236449214E-4
2.454027236449214E-4
2.454027236449214E-4
2.454027236449214E-4
2.454027236449214E-4
2.454027236449214E-4
2.454027236449214E-4
2.454027236449214E-4
2.454027236449214E-4
2.454027236449214E-4
2.454027236449214E-4
2.454027236449214E-4
2.454027236449214E-4
2.454027236449214E-4
2.454027236449214E-4
2.454027236449214E-4
2.454027236449214E-4
2.454027236449214E-4
2.454027236449214E-4
2.454027236449214E-4
2.454027236449214E-4
2.454027236449214E-4
2.454027236449214E-4
2.454027236449214E-4
2.454027236449214E-4
2.454027236449214E-4
2.454027236449214E-4
2.454027236449214E-4
2.454027236449214E-4
2.454027236449214E-4
2.454027236449214E-4
2.454027236449214E-4
2.454027236449214E-4
2.454027236449214E-4
2.454027236449214E-4
2.454027236449214E-4
2.454027236449214E-4
2.454027236449214E-4
2.454027236449214E-4
2.454027236449214E-4
2.454027236449214E-4
2.454027236449214E-4
2.454027236449214E-4
2.454027236449214E-4
2.454027236449214E-4
2.454027236449214E-4
2.454027236449214E-4
2.454027236449214E-4
2.454027236449214E-4
2.454027236449214E-4
2.454027236449214E-4
2.454027236449214E-4
2.454027236449214E-4
2.454027236449214E-4
2.454027236449214E-4
2.454027236449214E-4
2.454027236449214E-4
2.454027236449214E-4
2.454027236449214E-4
2.454027236449214E-4
2.454027236449214E-4
2.454027236449214E-4
2.454027236449214E-4
2.454027236449214E-4
2.454027236449214E-4
2.454027236449214E-4
2.454027236449214E-4
2.454027236449214E-4
2.454027236449214E-4
2.454027236449214E-4
2.454027236449214E-4
2.454027236449214E-4
2.454027236449214E-4
2.454027236449214E-4
2.454027236449214E-4
2.454027236449214E-4
2.454027236449214E-4
2.454027236449214E-4
2.454027236449214E-4
2.454027236449214E-4
2.454027236449214E-4
2.454027236449214E-4
2.454027236449214E-4
2.454027236449214E-4
2.454027236449214E-4
2.454027236449214E-4
2.454027236449214E-4
2.454027236449214E-4
2.454027236449214E-4
2.454027236449214E-4
2.454027236449214E-4
2.454027236449214E-4
2.454027236449214E-4
2.454027236449214E-4
2.454027236449214E-4
2.454027236449214E-4
2.454027236449214E-4
2.454027236449214E-4
2.454027236449214E-4
2.454027236449214E-4
2.454027236449214E-4
2.454027236449214E-4
2.454027236449214E-4
2.454027236449214E-4
2.454027236449214E-4
2.454027236449214E-4
2.454027236449214E-4
2.454027236449214E-4
2.454027236449214E-4
2.454027236449214E-4
2.454027236449214E-4
2.454027236449214E-4
2.454027236449214E-4
2.454027236449214E-4
2.454027236449214E-4
2.454027236449214E-4
2.454027236449214E-4
2.454027236449214E-4
2.454027236449214E-4
2.454027236449214E-4
2.454027236449214E-4
2.454027236449214E-4
2.454027236449214E-4
2.454027236449214E-4
2.454027236449214E-4
2.454027236449214E-4
2.454027236449214E-4
2.454027236449214E-4
2.454027236449214E-4
2.454027236449214E-4
2.454027236449214E-4
2.454027236449214E-4
2.454027236449214E-4
2.454027236449214E-4
2.454027236449214E-4
2.454027236449214E-4
2.454027236449214E-4
2.454027236449214E-4
2.454027236449214E-4
2.454027236449214E-4
2.454027236449214E-4
2.454027236449214E-4
2.454027236449214E-4
2.454027236449214E-4
2.454027236449214E-4
2.454027236449214E-4
2.454027236449214E-4
2.454027236449214E-4
2.454027236449214E-4
2.454027236449214E-4
2.454027236449214E-4
2.454027236449214E-4
2.454027236449214E-4
2.454027236449214E-4
2.454027236449214E-4
2.454027236449214E-4
2.454027236449214E-4
2.454027236449214E-4
2.454027236449214E-4
2.454027236449214E-4
2.454027236449214E-4
2.454027236449214E-4
2.454027236449214E-4
2.454027236449214E-4
2.454027236449214E-4
2.454027236449214E-4
2.454027236449214E-4
2.454027236449214E-4
2.454027236449214E-4
2.454027236449214E-4
2.454027236449214E-4
2.454027236449214E-4
2.454027236449214E-4
2.454027236449214E-4
2.454027236449214E-4
2.454027236449214E-4
2.454027236449214E-4
2.454027236449214E-4
2.454027236449214E-4
2.454027236449214E-4
2.454027236449214E-4
2.454027236449214E-4
2.454027236449214E-4
2.454027236449214E-4
2.454027236449214E-4
2.454027236449214E-4
2.454027236449214E-4
2.454027236449214E-4
2.454027236449214E-4
2.454027236449214E-4
2.454027236449214E-4
2.454027236449214E-4
2.454027236449214E-4
2.454027236449214E-4
2.454027236449214E-4
2.454027236449214E-4
2.454027236449214E-4
2.454027236449214E-4
2.454027236449214E-4
2.454027236449214E-4
2.454027236449214E-4
2.454027236449214E-4
2.454027236449214E-4
2.454027236449214E-4
2.454027236449214E-4
2.454027236449214E-4
2.454027236449214E-4
2.454027236449214E-4
2.454027236449214E-4
2.454027236449214E-4
2.454027236449214E-4
2.454027236449214E-4
2.454027236449214E-4
2.454027236449214E-4
2.454027236449214E-4
2.454027236449214E-4
2.454027236449214E-4
2.454027236449214E-4
2.454027236449214E-4
2.454027236449214E-4
2.454027236449214E-4
2.454027236449214E-4
2.454027236449214E-4
2.454027236449214E-4
2.454027236449214E-4
2.454027236449214E-4
2.454027236449214E-4
2.454027236449214E-4
2.454027236449214E-4
2.454027236449214E-4
2.454027236449214E-4
2.454027236449214E-4
2.454027236449214E-4
2.454027236449214E-4
2.454027236449214E-4
2.454027236449214E-4
2.454027236449214E-4
2.454027236449214E-4
2.454027236449214E-4
2.454027236449214E-4
2.454027236449214E-4
2.454027236449214E-4
2.454027236449214E-4
2.454027236449214E-4
2.454027236449214E-4
2.454027236449214E-4
2.454027236449214E-4
2.013196972465295E-4
2.013196972465295E-4
2.013196972465295E-4
2.013196972465295E-4
2.013196972465295E-4
2.013196972465295E-4
2.013196972465295E-4
2.013196972465295E-4
2.013196972465295E-4
2.013196972465295E-4
2.013196972465295E-4
2.013196972465295E-4
2.013196972465295E-4
2.013196972465295E-4
2.013196972465295E-4
2.013196972465295E-4
2.013196972465295E-4
2.013196972465295E-4
2.013196972465295E-4
2.013196972465295E-4
2.013196972465295E-4
2.013196972465295E-4
2.013196972465295E-4
2.013196972465295E-4
2.013196972465295E-4
2.013196972465295E-4
2.013196972465295E-4
2.013196972465295E-4
2.013196972465295E-4
2.013196972465295E-4
2.013196972465295E-4
2.013196972465295E-4
2.013196972465295E-4
2.013196972465295E-4
2.013196972465295E-4
2.013196972465295E-4
2.013196972465295E-4
2.013196972465295E-4
2.013196972465295E-4
2.013196972465295E-4
2.013196972465295E-4
2.013196972465295E-4
2.013196972465295E-4
2.013196972465295E-4
2.013196972465295E-4
2.013196972465295E-4
2.013196972465295E-4
2.013196972465295E-4
2.013196972465295E-4
2.013196972465295E-4
2.013196972465295E-4
2.013196972465295E-4
2.013196972465295E-4
2.013196972465295E-4
2.013196972465295E-4
2.013196972465295E-4
2.013196972465295E-4
2.013196972465295E-4
2.013196972465295E-4
2.013196972465295E-4
2.013196972465295E-4
2.013196972465295E-4
2.013196972465295E-4
2.013196972465295E-4
2.013196972465295E-4
2.013196972465295E-4
2.013196972465295E-4
2.013196972465295E-4
2.013196972465295E-4
2.013196972465295E-4
2.013196972465295E-4
2.013196972465295E-4
2.013196972465295E-4
2.013196972465295E-4
2.013196972465295E-4
2.013196972465295E-4
2.013196972465295E-4
2.013196972465295E-4
2.013196972465295E-4
2.013196972465295E-4
2.013196972465295E-4
2.013196972465295E-4
2.013196972465295E-4
2.013196972465295E-4
2.013196972465295E-4
2.013196972465295E-4
2.013196972465295E-4
2.013196972465295E-4
2.013196972465295E-4
2.013196972465295E-4
2.013196972465295E-4
2.013196972465295E-4
2.013196972465295E-4
2.013196972465295E-4
2.013196972465295E-4
2.013196972465295E-4
2.013196972465295E-4
2.013196972465295E-4
2.013196972465295E-4
2.013196972465295E-4
2.013196972465295E-4
2.013196972465295E-4
2.013196972465295E-4
2.013196972465295E-4
2.013196972465295E-4
2.013196972465295E-4
2.013196972465295E-4
2.013196972465295E-4
2.013196972465295E-4
2.013196972465295E-4
2.013196972465295E-4
2.013196972465295E-4
2.013196972465295E-4
2.013196972465295E-4
2.013196972465295E-4
2.013196972465295E-4
2.013196972465295E-4
2.013196972465295E-4
2.013196972465295E-4
2.013196972465295E-4
2.013196972465295E-4
2.013196972465295E-4
2.013196972465295E-4
2.013196972465295E-4
2.013196972465295E-4
2.013196972465295E-4
2.013196972465295E-4
2.013196972465295E-4
2.013196972465295E-4
2.013196972465295E-4
2.013196972465295E-4
2.013196972465295E-4
2.013196972465295E-4
2.013196972465295E-4
1.3688375681407443E-4
1.3688375681407443E-4
1.3688375681407443E-4
1.3688375681407443E-4
1.3688375681407443E-4
1.3688375681407443E-4
1.3688375681407443E-4
1.3688375681407443E-4
1.3688375681407443E-4
1.3688375681407443E-4
1.3688375681407443E-4
1.3688375681407443E-4
1.3688375681407443E-4
1.3688375681407443E-4
1.3688375681407443E-4
1.3688375681407443E-4
1.3688375681407443E-4
1.3688375681407443E-4
1.3688375681407443E-4
1.3688375681407443E-4
1.3688375681407443E-4
1.3688375681407443E-4
1.3688375681407443E-4
1.3688375681407443E-4
1.3688375681407443E-4
1.3688375681407443E-4
1.3688375681407443E-4
1.3688375681407443E-4
1.3688375681407443E-4
1.3688375681407443E-4
1.3688375681407443E-4
1.3688375681407443E-4
1.3688375681407443E-4
1.3688375681407443E-4
1.3688375681407443E-4
1.3688375681407443E-4
1.3688375681407443E-4
1.3688375681407443E-4
1.3688375681407443E-4
1.3688375681407443E-4
1.3688375681407443E-4
1.3688375681407443E-4
1.3688375681407443E-4
1.3688375681407443E-4
1.3688375681407443E-4
1.3688375681407443E-4
1.3688375681407443E-4
1.3688375681407443E-4
1.3688375681407443E-4
1.3688375681407443E-4
1.3688375681407443E-4
1.3688375681407443E-4
1.3688375681407443E-4
1.3688375681407443E-4
1.3688375681407443E-4
1.3688375681407443E-4
1.3688375681407443E-4
1.3688375681407443E-4
1.3688375681407443E-4
1.3688375681407443E-4
1.3688375681407443E-4
1.3688375681407443E-4
1.3688375681407443E-4
1.3688375681407443E-4
1.3688375681407443E-4
1.3688375681407443E-4
1.3688375681407443E-4
1.3688375681407443E-4
1.3688375681407443E-4
1.3688375681407443E-4
1.3688375681407443E-4
1.3688375681407443E-4
1.3688375681407443E-4
1.3688375681407443E-4
1.3688375681407443E-4
1.3688375681407443E-4
1.3688375681407443E-4
1.3688375681407443E-4
1.3688375681407443E-4
1.3688375681407443E-4
1.3688375681407443E-4
1.3688375681407443E-4
1.3688375681407443E-4
1.3688375681407443E-4
1.3688375681407443E-4
1.3688375681407443E-4
1.3688375681407443E-4
1.3688375681407443E-4
1.3688375681407443E-4
1.3688375681407443E-4
1.3688375681407443E-4
1.3688375681407443E-4
1.3688375681407443E-4
1.3688375681407443E-4
1.3688375681407443E-4
1.3688375681407443E-4
1.3688375681407443E-4
1.3688375681407443E-4
1.3688375681407443E-4
1.3688375681407443E-4
1.3688375681407443E-4
1.3688375681407443E-4
1.3688375681407443E-4
1.3688375681407443E-4
1.3688375681407443E-4
1.3688375681407443E-4
1.3688375681407443E-4
1.3688375681407443E-4
1.3688375681407443E-4
1.3688375681407443E-4
1.3688375681407443E-4
1.3688375681407443E-4
1.3688375681407443E-4
1.3688375681407443E-4
1.3688375681407443E-4
1.3688375681407443E-4
1.3688375681407443E-4
1.3688375681407443E-4
1.3688375681407443E-4
1.3688375681407443E-4
1.3688375681407443E-4
1.3688375681407443E-4
1.3688375681407443E-4
1.3688375681407443E-4
1.3688375681407443E-4
1.3688375681407443E-4
1.3688375681407443E-4
1.3688375681407443E-4
1.3688375681407443E-4
1.3688375681407443E-4
1.3688375681407443E-4
1.3688375681407443E-4
1.3688375681407443E-4
1.3688375681407443E-4
1.3688375681407443E-4
1.3688375681407443E-4
1.3688375681407443E-4
1.3688375681407443E-4
1.3688375681407443E-4
1.3688375681407443E-4
1.3688375681407443E-4
1.3688375681407443E-4
1.3688375681407443E-4
1.3688375681407443E-4
1.3688375681407443E-4
1.3688375681407443E-4
1.3688375681407443E-4
1.3688375681407443E-4
1.3688375681407443E-4
1.3688375681407443E-4
1.3688375681407443E-4
1.3688375681407443E-4
1.3688375681407443E-4
1.3688375681407443E-4
1.3688375681407443E-4
1.3688375681407443E-4
1.3688375681407443E-4
1.3688375681407443E-4
1.3688375681407443E-4
1.3688375681407443E-4
1.3688375681407443E-4
1.3688375681407443E-4
1.3688375681407443E-4
1.3688375681407443E-4
1.3688375681407443E-4
1.3688375681407443E-4
1.3688375681407443E-4
1.3688375681407443E-4
1.3688375681407443E-4
1.3688375681407443E-4
1.3688375681407443E-4
1.3688375681407443E-4
1.3688375681407443E-4
1.3688375681407443E-4
1.3688375681407443E-4
1.3688375681407443E-4
1.3688375681407443E-4
1.3688375681407443E-4
1.3688375681407443E-4
1.3688375681407443E-4
1.3688375681407443E-4
1.3688375681407443E-4
1.3688375681407443E-4
1.3688375681407443E-4
1.3688375681407443E-4
1.3688375681407443E-4
1.3688375681407443E-4
1.3688375681407443E-4
1.3688375681407443E-4
1.3688375681407443E-4
1.3688375681407443E-4
1.3688375681407443E-4
1.3688375681407443E-4
1.3688375681407443E-4
1.3688375681407443E-4
1.3688375681407443E-4
1.3688375681407443E-4
1.3688375681407443E-4
1.3688375681407443E-4
1.3688375681407443E-4
1.3688375681407443E-4
1.3688375681407443E-4
1.3688375681407443E-4
1.3688375681407443E-4
1.3688375681407443E-4
1.3688375681407443E-4
1.3688375681407443E-4
1.3688375681407443E-4
1.3688375681407443E-4
1.3688375681407443E-4
1.3688375681407443E-4
1.3688375681407443E-4
1.3688375681407443E-4
1.3688375681407443E-4
1.3688375681407443E-4
1.3688375681407443E-4
1.3688375681407443E-4
1.3688375681407443E-4
1.3688375681407443E-4
1.3688375681407443E-4
1.3688375681407443E-4
1.3688375681407443E-4
1.3688375681407443E-4
1.3688375681407443E-4
1.3688375681407443E-4
1.3688375681407443E-4
1.3688375681407443E-4
1.3688375681407443E-4
1.3688375681407443E-4
1.3688375681407443E-4
1.3688375681407443E-4
1.3688375681407443E-4
1.3688375681407443E-4
1.3688375681407443E-4
1.3688375681407443E-4
1.3688375681407443E-4
1.3688375681407443E-4
1.3688375681407443E-4
1.3688375681407443E-4
1.3688375681407443E-4
1.3688375681407443E-4
1.3688375681407443E-4
1.3688375681407443E-4
1.3688375681407443E-4
1.3688375681407443E-4
1.3688375681407443E-4
1.3688375681407443E-4
1.3688375681407443E-4
1.3688375681407443E-4
1.3688375681407443E-4
1.3688375681407443E-4
1.3688375681407443E-4
1.3688375681407443E-4
1.3688375681407443E-4
1.3688375681407443E-4
1.3688375681407443E-4
1.3688375681407443E-4
1.3688375681407443E-4
1.3688375681407443E-4
1.3688375681407443E-4
1.3688375681407443E-4
1.3688375681407443E-4
1.3688375681407443E-4
1.3688375681407443E-4
1.3688375681407443E-4
1.3688375681407443E-4
1.3688375681407443E-4
1.3688375681407443E-4
1.3688375681407443E-4
1.3688375681407443E-4
1.3688375681407443E-4
1.3688375681407443E-4
1.3688375681407443E-4
1.3688375681407443E-4
1.3688375681407443E-4
1.3688375681407443E-4
1.3688375681407443E-4
1.3688375681407443E-4
1.3688375681407443E-4
1.3688375681407443E-4
1.3688375681407443E-4
1.3688375681407443E-4
1.3688375681407443E-4
1.3688375681407443E-4
1.3688375681407443E-4
1.3688375681407443E-4
1.3688375681407443E-4
1.3688375681407443E-4
1.3688375681407443E-4
1.3688375681407443E-4
1.3688375681407443E-4
1.3688375681407443E-4
1.3688375681407443E-4
1.3688375681407443E-4
1.3688375681407443E-4
1.3688375681407443E-4
1.3688375681407443E-4
1.3688375681407443E-4
1.3688375681407443E-4
1.3688375681407443E-4
1.3688375681407443E-4
1.3688375681407443E-4
1.3688375681407443E-4
1.3688375681407443E-4
1.3688375681407443E-4
1.3688375681407443E-4
1.3688375681407443E-4
1.3688375681407443E-4
1.3688375681407443E-4
1.3688375681407443E-4
1.3688375681407443E-4
1.3688375681407443E-4
1.3688375681407443E-4
1.3688375681407443E-4
1.3688375681407443E-4
1.3688375681407443E-4
1.3688375681407443E-4
1.3688375681407443E-4
1.3688375681407443E-4
1.3688375681407443E-4
1.3688375681407443E-4
1.3688375681407443E-4
1.3688375681407443E-4
1.3688375681407443E-4
1.3688375681407443E-4
1.3688375681407443E-4
1.3688375681407443E-4
1.3688375681407443E-4
1.3688375681407443E-4
1.3688375681407443E-4
1.3688375681407443E-4
1.3688375681407443E-4
1.3688375681407443E-4
1.3688375681407443E-4
1.3688375681407443E-4
1.3688375681407443E-4
1.3688375681407443E-4
1.3688375681407443E-4
1.3688375681407443E-4
1.3688375681407443E-4
1.3688375681407443E-4
1.3688375681407443E-4
1.3688375681407443E-4
1.3688375681407443E-4
1.3688375681407443E-4
1.3688375681407443E-4
1.3688375681407443E-4
1.3688375681407443E-4
1.3688375681407443E-4
1.3688375681407443E-4
1.3688375681407443E-4
1.3688375681407443E-4
1.3688375681407443E-4
1.3688375681407443E-4
1.3688375681407443E-4
1.3688375681407443E-4
1.3688375681407443E-4
1.3688375681407443E-4
1.3688375681407443E-4
1.3688375681407443E-4
1.3688375681407443E-4
1.3688375681407443E-4
1.3688375681407443E-4
1.3688375681407443E-4
1.3688375681407443E-4
1.3688375681407443E-4
1.3688375681407443E-4
1.3688375681407443E-4
1.3688375681407443E-4
1.3688375681407443E-4
1.3688375681407443E-4
1.3688375681407443E-4
1.3688375681407443E-4
1.3688375681407443E-4
1.3688375681407443E-4
1.3688375681407443E-4
1.3688375681407443E-4
1.3688375681407443E-4
1.3688375681407443E-4
1.3688375681407443E-4
1.3688375681407443E-4
1.3688375681407443E-4
1.3688375681407443E-4
1.3688375681407443E-4
1.3688375681407443E-4
1.3688375681407443E-4
1.3688375681407443E-4
1.3688375681407443E-4
1.3688375681407443E-4
1.3688375681407443E-4
1.3688375681407443E-4
1.3688375681407443E-4
1.3688375681407443E-4
1.3688375681407443E-4
1.3688375681407443E-4
1.3688375681407443E-4
1.3688375681407443E-4
1.3688375681407443E-4
1.3688375681407443E-4
1.3688375681407443E-4
1.3688375681407443E-4
1.3688375681407443E-4
1.3688375681407443E-4
1.3688375681407443E-4
1.3688375681407443E-4
1.3688375681407443E-4
1.3688375681407443E-4
1.3688375681407443E-4
1.3688375681407443E-4
1.3688375681407443E-4
1.3688375681407443E-4
1.3688375681407443E-4
1.3688375681407443E-4
1.3688375681407443E-4
1.3688375681407443E-4
1.3688375681407443E-4
1.3688375681407443E-4
1.3688375681407443E-4
1.3688375681407443E-4
1.3688375681407443E-4
1.3688375681407443E-4
1.3688375681407443E-4
1.3688375681407443E-4
1.3688375681407443E-4
1.3688375681407443E-4
1.3688375681407443E-4
1.3688375681407443E-4
1.3688375681407443E-4
1.3688375681407443E-4
1.3688375681407443E-4
1.3688375681407443E-4
1.3688375681407443E-4
1.3688375681407443E-4
1.3688375681407443E-4
1.3688375681407443E-4
1.3688375681407443E-4
1.3688375681407443E-4
1.3688375681407443E-4
1.3688375681407443E-4
1.3688375681407443E-4
1.3688375681407443E-4
1.3688375681407443E-4
1.3688375681407443E-4
1.3688375681407443E-4
1.3688375681407443E-4
1.3688375681407443E-4
1.3688375681407443E-4
1.3688375681407443E-4
1.3688375681407443E-4
1.3688375681407443E-4
1.3688375681407443E-4
1.3688375681407443E-4
1.3688375681407443E-4
1.3688375681407443E-4
1.3688375681407443E-4
1.3688375681407443E-4
1.3688375681407443E-4
1.3688375681407443E-4
1.3688375681407443E-4
1.3688375681407443E-4
1.3688375681407443E-4
1.3688375681407443E-4
1.3688375681407443E-4
1.3688375681407443E-4
1.3688375681407443E-4
1.3688375681407443E-4
1.3688375681407443E-4
1.3688375681407443E-4
1.3688375681407443E-4
1.3688375681407443E-4
1.3688375681407443E-4
1.3688375681407443E-4
1.3688375681407443E-4
1.3688375681407443E-4
1.3688375681407443E-4
1.3688375681407443E-4
1.3688375681407443E-4
1.3688375681407443E-4
1.3688375681407443E-4
1.3688375681407443E-4
1.3688375681407443E-4
1.3688375681407443E-4
1.3688375681407443E-4
1.3688375681407443E-4
1.3688375681407443E-4
1.3688375681407443E-4
1.3688375681407443E-4
1.3688375681407443E-4
1.3688375681407443E-4
1.3688375681407443E-4
1.3688375681407443E-4
1.3688375681407443E-4
1.3688375681407443E-4
1.3688375681407443E-4
1.3688375681407443E-4
1.3688375681407443E-4
1.3688375681407443E-4
1.3688375681407443E-4
1.3688375681407443E-4
1.3688375681407443E-4
1.3688375681407443E-4
1.3688375681407443E-4
1.3688375681407443E-4
1.3688375681407443E-4
1.3688375681407443E-4
1.3688375681407443E-4
1.3688375681407443E-4
1.3688375681407443E-4
1.3688375681407443E-4
1.3688375681407443E-4
1.3688375681407443E-4
1.3688375681407443E-4
1.3688375681407443E-4
1.3688375681407443E-4
1.3688375681407443E-4
1.3688375681407443E-4
1.3688375681407443E-4
1.3688375681407443E-4
1.3688375681407443E-4
1.3688375681407443E-4
1.3688375681407443E-4
1.3688375681407443E-4
1.3688375681407443E-4
1.3688375681407443E-4
1.3688375681407443E-4
1.3688375681407443E-4
1.3688375681407443E-4
1.3688375681407443E-4
1.3688375681407443E-4
1.3688375681407443E-4
1.3688375681407443E-4
1.3688375681407443E-4
1.3688375681407443E-4
1.3688375681407443E-4
1.3688375681407443E-4
1.3688375681407443E-4
1.3688375681407443E-4
1.3688375681407443E-4
1.3688375681407443E-4
1.3688375681407443E-4
1.3688375681407443E-4
1.3688375681407443E-4
1.3688375681407443E-4
1.3688375681407443E-4
1.3688375681407443E-4
1.3688375681407443E-4
1.3688375681407443E-4
1.3688375681407443E-4
1.3688375681407443E-4
1.3688375681407443E-4
1.3688375681407443E-4
1.3688375681407443E-4
1.3688375681407443E-4
1.3688375681407443E-4
1.3688375681407443E-4
1.3688375681407443E-4
1.3688375681407443E-4
1.3688375681407443E-4
1.3688375681407443E-4
1.3688375681407443E-4
1.3688375681407443E-4
1.3688375681407443E-4
1.3688375681407443E-4
1.3688375681407443E-4
1.3688375681407443E-4
1.3688375681407443E-4
1.3688375681407443E-4
1.3688375681407443E-4
1.3688375681407443E-4
1.3688375681407443E-4
1.3688375681407443E-4
1.3688375681407443E-4
1.3688375681407443E-4
1.3688375681407443E-4
1.3688375681407443E-4
1.3688375681407443E-4
1.3688375681407443E-4
1.3688375681407443E-4
1.3688375681407443E-4
1.3688375681407443E-4
1.3688375681407443E-4
1.3688375681407443E-4
1.3688375681407443E-4
1.3688375681407443E-4
1.3688375681407443E-4
1.3688375681407443E-4
1.3688375681407443E-4
1.3688375681407443E-4
1.3688375681407443E-4
1.3688375681407443E-4
1.3688375681407443E-4
1.3688375681407443E-4
1.3688375681407443E-4
1.3688375681407443E-4
1.3688375681407443E-4
1.3688375681407443E-4
1.3688375681407443E-4
1.3688375681407443E-4
1.3688375681407443E-4
1.3688375681407443E-4
1.3688375681407443E-4
1.3688375681407443E-4
1.3688375681407443E-4
1.3688375681407443E-4
1.3688375681407443E-4
1.3688375681407443E-4
1.3688375681407443E-4
1.3688375681407443E-4
1.3688375681407443E-4
1.3688375681407443E-4
1.3688375681407443E-4
1.3688375681407443E-4
1.3688375681407443E-4
1.3688375681407443E-4
1.3688375681407443E-4
1.3688375681407443E-4
1.3688375681407443E-4
1.3688375681407443E-4
1.3688375681407443E-4
1.3688375681407443E-4
1.3688375681407443E-4
1.3688375681407443E-4
1.3688375681407443E-4
1.3688375681407443E-4
1.3688375681407443E-4
1.3688375681407443E-4
1.3688375681407443E-4
1.3688375681407443E-4
1.3688375681407443E-4
1.3688375681407443E-4
1.3688375681407443E-4
1.3688375681407443E-4
1.3688375681407443E-4
1.3688375681407443E-4
1.3688375681407443E-4
1.3688375681407443E-4
1.3688375681407443E-4
1.3688375681407443E-4
1.3688375681407443E-4
