0.2610933236786693
0.2142676470767765
0.18742513475202988
0.16319067998512746
0.14668939038251533
0.1344071488637138
0.12339309832641127
0.1159525410486965
0.10735268749529045
0.1002562374278764
0.09344623074665796
0.0868176641516136
0.08282028768098595
0.07773280245333716
0.07305158952361034
0.0688433293596616
0.06411704543401187
0.05992994906031411
0.05570443287576793
0.05247102269749586
0.04936627609778906
0.04613062552465669
0.042903222704624655
0.04000351680130339
0.03737882990935033
0.03438886429906339
0.03209907205074208
0.03019918288079649
0.02819158930910379
0.026233030320602566
0.024386650834944536
0.02292674279531536
0.02146373876381743
0.02015524287532187
0.018827078259739966
0.017551848789105626
0.016303896573439076
0.015468711181615335
0.014609210890355427
0.013782847502993788
0.01282557244214157
0.012062136825044681
0.011279773603809266
0.010574196458641279
0.009964333111360104
0.009519393113861477
0.009097022289906562
0.008697622335032492
0.008209027819374598
0.0077749390757599094
0.007424630935041499
0.006994413766583213
0.0066876888800014795
0.00635868353469342
0.006111698267780121
0.005737206571620649
0.005380792252313196
0.005092343012161467
0.00474003974059898
0.004557438346330554
0.004468825586810521
0.004347966658850331
0.0041832994731731445
0.003973024653830057
0.0037894422428553305
0.0036074621194606277
0.0034974419236431333
0.003381447012827379
0.0032649923344851635
0.0031341945140971245
0.003003121090080488
0.002844332914350966
0.002794085290123476
0.0026466320682612533
0.0025971856789546027
0.002524096372044269
0.002482503057221535
0.0023981048434298926
0.0023318070962668525
0.0022508661372950913
0.002191029449443989
0.0021595905493651734
0.0021148186202289763
0.002035554221510168
0.001977003923931869
0.001953432004160493
0.0019096439229537774
0.001894566247612023
0.0018620088235896505
0.0018204292977563215
0.0017501877265490246
0.0017288899859431604
0.0017019286392071598
0.001626983830808661
0.001626983830808661
0.0016028052076018126
0.0015754725260922614
0.0015338552537531962
0.0015206515259362442
0.001487260732765405
0.001473559599721869
0.0014647574866322615
0.0014572327672726661
0.0014541353810419743
0.001410694677826104
0.001410694677826104
0.001351826637705329
0.001351209409673517
0.0013131248072944673
0.0012840044989824069
0.0012840044989824069
0.0012840044989824069
0.00126453511555846
0.00126453511555846
0.00126453511555846
0.0012382291842863609
0.0012382291842863609
0.0012382291842863609
0.0012382291842863609
0.0012382291842863609
0.0012173741553731397
0.0011702074084034618
0.0011301126344816393
0.001125501513585854
0.0011188355729806095
0.001105400918534809
0.0010690135145550743
0.0010690135145550743
0.0010690135145550743
0.0010690135145550743
0.0010690135145550743
0.0010690135145550743
0.0010690135145550743
0.0010690135145550743
0.0010399413367463712
0.0010236187609666597
9.966325523852431E-4
9.966325523852431E-4
9.966325523852431E-4
9.913045940186155E-4
9.913045940186155E-4
9.913045940186155E-4
9.744586389235108E-4
9.611741414501581E-4
9.611741414501581E-4
9.611741414501581E-4
9.348148284664409E-4
9.348148284664409E-4
9.348148284664409E-4
9.21982950871959E-4
9.21982950871959E-4
9.21982950871959E-4
9.21982950871959E-4
9.21982950871959E-4
8.918924499916216E-4
8.918924499916216E-4
8.731108873518447E-4
8.594541348045384E-4
8.519342499895067E-4
8.308322176449713E-4
8.022240839599299E-4
8.022240839599299E-4
8.022240839599299E-4
8.022240839599299E-4
8.022240839599299E-4
7.764544639324729E-4
7.764544639324729E-4
7.511949750243258E-4
7.511949750243258E-4
7.265507713961247E-4
7.074123613108527E-4
7.074123613108527E-4
7.074123613108527E-4
7.074123613108527E-4
7.074123613108527E-4
6.906619220065587E-4
6.906619220065587E-4
6.714333266353794E-4
6.714333266353794E-4
6.714333266353794E-4
6.500860211377346E-4
6.277670387206288E-4
6.277670387206288E-4
6.277670387206288E-4
6.277670387206288E-4
6.277670387206288E-4
6.277670387206288E-4
6.277670387206288E-4
6.277670387206288E-4
6.277670387206288E-4
6.277670387206288E-4
6.277670387206288E-4
6.277670387206288E-4
6.277670387206288E-4
6.277670387206288E-4
6.277670387206288E-4
6.277670387206288E-4
6.277670387206288E-4
6.051127060692449E-4
6.051127060692449E-4
5.799573073589774E-4
5.5112318573293E-4
5.5112318573293E-4
5.5112318573293E-4
5.5112318573293E-4
5.5112318573293E-4
5.5112318573293E-4
5.218094226079907E-4
5.218094226079907E-4
5.218094226079907E-4
5.218094226079907E-4
4.974301364692545E-4
4.7222024798173506E-4
4.7222024798173506E-4
4.380276105495092E-4
4.380276105495092E-4
4.193798504893454E-4
4.193798504893454E-4
4.193798504893454E-4
4.193798504893454E-4
4.193798504893454E-4
4.193798504893454E-4
4.193798504893454E-4
4.193798504893454E-4
4.193798504893454E-4
4.193798504893454E-4
3.933630454202889E-4
3.933630454202889E-4
3.933630454202889E-4
3.933630454202889E-4
3.933630454202889E-4
3.933630454202889E-4
3.933630454202889E-4
3.933630454202889E-4
3.933630454202889E-4
3.933630454202889E-4
3.933630454202889E-4
3.933630454202889E-4
3.933630454202889E-4
3.933630454202889E-4
3.933630454202889E-4
3.933630454202889E-4
3.933630454202889E-4
3.933630454202889E-4
3.933630454202889E-4
3.933630454202889E-4
3.627358195259271E-4
3.627358195259271E-4
3.627358195259271E-4
3.627358195259271E-4
3.627358195259271E-4
3.627358195259271E-4
3.627358195259271E-4
3.627358195259271E-4
3.627358195259271E-4
3.627358195259271E-4
3.627358195259271E-4
3.627358195259271E-4
3.627358195259271E-4
3.627358195259271E-4
3.627358195259271E-4
3.627358195259271E-4
3.627358195259271E-4
3.31892216471392E-4
3.31892216471392E-4
3.31892216471392E-4
3.31892216471392E-4
3.31892216471392E-4
3.31892216471392E-4
3.31892216471392E-4
3.31892216471392E-4
3.31892216471392E-4
3.31892216471392E-4
3.31892216471392E-4
2.9878879885316415E-4
2.9878879885316415E-4
2.9878879885316415E-4
2.9878879885316415E-4
2.9878879885316415E-4
2.9878879885316415E-4
2.9878879885316415E-4
2.9878879885316415E-4
2.9878879885316415E-4
2.9878879885316415E-4
2.9878879885316415E-4
2.9878879885316415E-4
2.9878879885316415E-4
2.9878879885316415E-4
2.9878879885316415E-4
2.639237659070454E-4
2.639237659070454E-4
2.639237659070454E-4
2.639237659070454E-4
2.639237659070454E-4
2.639237659070454E-4
2.639237659070454E-4
2.639237659070454E-4
2.639237659070454E-4
2.639237659070454E-4
2.639237659070454E-4
2.639237659070454E-4
2.639237659070454E-4
2.0153935868737956E-4
2.0153935868737956E-4
2.0153935868737956E-4
2.0153935868737956E-4
2.0153935868737956E-4
2.0153935868737956E-4
2.0153935868737956E-4
2.0153935868737956E-4
2.0153935868737956E-4
2.0153935868737956E-4
2.0153935868737956E-4
2.0153935868737956E-4
2.0153935868737956E-4
2.0153935868737956E-4
2.0153935868737956E-4
2.0153935868737956E-4
2.0153935868737956E-4
2.0153935868737956E-4
2.0153935868737956E-4
2.0153935868737956E-4
2.0153935868737956E-4
2.0153935868737956E-4
2.0153935868737956E-4
2.0153935868737956E-4
2.0153935868737956E-4
2.0153935868737956E-4
2.0153935868737956E-4
2.0153935868737956E-4
2.0153935868737956E-4
2.0153935868737956E-4
2.0153935868737956E-4
2.0153935868737956E-4
2.0153935868737956E-4
2.0153935868737956E-4
2.0153935868737956E-4
2.0153935868737956E-4
2.0153935868737956E-4
2.0153935868737956E-4
2.0153935868737956E-4
2.0153935868737956E-4
2.0153935868737956E-4
2.0153935868737956E-4
2.0153935868737956E-4
2.0153935868737956E-4
2.0153935868737956E-4
2.0153935868737956E-4
2.0153935868737956E-4
2.0153935868737956E-4
2.0153935868737956E-4
2.0153935868737956E-4
2.0153935868737956E-4
2.0153935868737956E-4
2.0153935868737956E-4
2.0153935868737956E-4
2.0153935868737956E-4
2.0153935868737956E-4
2.0153935868737956E-4
1.361470175281706E-4
1.361470175281706E-4
1.361470175281706E-4
1.361470175281706E-4
1.361470175281706E-4
1.361470175281706E-4
1.361470175281706E-4
1.361470175281706E-4
1.361470175281706E-4
1.361470175281706E-4
1.361470175281706E-4
1.361470175281706E-4
1.361470175281706E-4
1.361470175281706E-4
1.361470175281706E-4
1.361470175281706E-4
1.361470175281706E-4
1.361470175281706E-4
1.361470175281706E-4
1.361470175281706E-4
1.361470175281706E-4
1.361470175281706E-4
1.361470175281706E-4
1.361470175281706E-4
1.361470175281706E-4
1.361470175281706E-4
1.361470175281706E-4
1.361470175281706E-4
1.361470175281706E-4
1.361470175281706E-4
1.361470175281706E-4
1.361470175281706E-4
1.361470175281706E-4
1.361470175281706E-4
1.361470175281706E-4
1.361470175281706E-4
1.361470175281706E-4
1.361470175281706E-4
1.361470175281706E-4
1.361470175281706E-4
1.361470175281706E-4
1.361470175281706E-4
1.361470175281706E-4
1.361470175281706E-4
1.361470175281706E-4
1.361470175281706E-4
1.361470175281706E-4
1.361470175281706E-4
1.361470175281706E-4
1.361470175281706E-4
1.361470175281706E-4
1.361470175281706E-4
1.361470175281706E-4
1.361470175281706E-4
1.361470175281706E-4
1.361470175281706E-4
1.361470175281706E-4
1.361470175281706E-4
1.361470175281706E-4
1.361470175281706E-4
1.361470175281706E-4
1.361470175281706E-4
1.361470175281706E-4
1.361470175281706E-4
1.361470175281706E-4
1.361470175281706E-4
1.361470175281706E-4
1.361470175281706E-4
1.361470175281706E-4
1.361470175281706E-4
1.361470175281706E-4
1.361470175281706E-4
1.361470175281706E-4
1.361470175281706E-4
1.361470175281706E-4
1.361470175281706E-4
1.361470175281706E-4
1.361470175281706E-4
1.361470175281706E-4
1.361470175281706E-4
1.361470175281706E-4
1.361470175281706E-4
1.361470175281706E-4
1.361470175281706E-4
1.361470175281706E-4
1.361470175281706E-4
1.361470175281706E-4
1.361470175281706E-4
1.361470175281706E-4
1.361470175281706E-4
1.361470175281706E-4
1.361470175281706E-4
1.361470175281706E-4
1.361470175281706E-4
1.361470175281706E-4
1.361470175281706E-4
1.361470175281706E-4
1.361470175281706E-4
1.361470175281706E-4
1.361470175281706E-4
1.361470175281706E-4
1.361470175281706E-4
1.361470175281706E-4
1.361470175281706E-4
1.361470175281706E-4
1.361470175281706E-4
1.361470175281706E-4
1.361470175281706E-4
1.361470175281706E-4
1.361470175281706E-4
1.361470175281706E-4
1.361470175281706E-4
1.361470175281706E-4
1.361470175281706E-4
1.361470175281706E-4
1.361470175281706E-4
1.361470175281706E-4
1.361470175281706E-4
1.361470175281706E-4
1.361470175281706E-4
1.361470175281706E-4
1.361470175281706E-4
1.361470175281706E-4
1.361470175281706E-4
1.361470175281706E-4
1.361470175281706E-4
1.361470175281706E-4
1.361470175281706E-4
1.361470175281706E-4
1.361470175281706E-4
1.361470175281706E-4
1.361470175281706E-4
1.361470175281706E-4
1.361470175281706E-4
1.361470175281706E-4
1.361470175281706E-4
1.361470175281706E-4
1.361470175281706E-4
1.361470175281706E-4
1.361470175281706E-4
1.361470175281706E-4
1.361470175281706E-4
1.361470175281706E-4
1.361470175281706E-4
1.361470175281706E-4
1.361470175281706E-4
1.361470175281706E-4
1.361470175281706E-4
1.361470175281706E-4
1.361470175281706E-4
1.361470175281706E-4
1.361470175281706E-4
1.361470175281706E-4
1.361470175281706E-4
1.361470175281706E-4
1.361470175281706E-4
1.361470175281706E-4
1.361470175281706E-4
1.361470175281706E-4
1.361470175281706E-4
1.361470175281706E-4
1.361470175281706E-4
1.361470175281706E-4
1.361470175281706E-4
1.361470175281706E-4
1.361470175281706E-4
1.361470175281706E-4
1.361470175281706E-4
1.361470175281706E-4
1.361470175281706E-4
1.361470175281706E-4
1.361470175281706E-4
1.361470175281706E-4
1.361470175281706E-4
1.361470175281706E-4
1.361470175281706E-4
1.361470175281706E-4
1.361470175281706E-4
1.361470175281706E-4
1.361470175281706E-4
1.361470175281706E-4
1.361470175281706E-4
1.361470175281706E-4
1.361470175281706E-4
1.361470175281706E-4
1.361470175281706E-4
1.361470175281706E-4
1.361470175281706E-4
1.361470175281706E-4
1.361470175281706E-4
1.361470175281706E-4
1.361470175281706E-4
1.361470175281706E-4
1.361470175281706E-4
1.361470175281706E-4
1.361470175281706E-4
1.361470175281706E-4
1.361470175281706E-4
1.361470175281706E-4
1.361470175281706E-4
1.361470175281706E-4
1.361470175281706E-4
1.361470175281706E-4
