0.09886131541650758
0.18725686941549494
0.25699645679663713
0.31658614582467104
0.36744300293567067
0.4134714247002378
0.455632070875563
0.49475403023783443
0.5298462750141706
0.5601388345636454
0.5882546018547369
0.6155202528737085
0.6391465931770776
0.6621502134065004
0.6845279598011466
0.7045521336717019
0.7236292608802417
0.7416964461921365
0.759636389955424
0.7752366569246512
0.7900438144389813
0.8043489178932844
0.8179487549085332
0.830058754467966
0.8409017523794542
0.852937508835757
0.8630201410560837
0.8720916629526951
0.8810204159636804
0.889753409936265
0.8984412618184718
0.9051222141521481
0.9119764581458927
0.917781555064118
0.9235021060544509
0.9292468113182543
0.9347111000254413
0.9394651474625464
0.9434792256187732
0.9476126391220637
0.9513397644044025
0.9548863188914137
0.9580973881518939
0.9610204351643781
0.9638125918246259
0.9660588416031319
0.9680747651276249
0.9701124704700953
0.9720023547905337
0.973755847073248
0.9754698438657051
0.9770189077606186
0.9783977389024623
0.9796336234657541
0.980787337627753
0.982142108593468
0.9833092021457475
0.9845181928018593
0.985781985058968
0.9866072367088806
0.9871069851582588
0.9874750824046459
0.9880112159529045
0.988802961303458
0.989398718861381
0.9900083960437505
0.9905366007870817
0.9910518579546979
0.9914388808127338
0.9918723294704023
0.9924022944986451
0.9928395378409433
0.9930372249932323
0.9934293405619011
0.9937012998224225
0.9939869921289509
0.9941183304656491
0.9944150324640763
0.9946514131606129
0.994860978692572
0.9950627460491045
0.9952071405368108
0.9954056682843068
0.9956180774795089
0.9958099697417976
0.9958733507467873
0.996049602890893
0.9960920211763522
0.9962038146486502
0.9963479973608579
0.9965322698734368
0.9965891891127991
0.9966392927256975
0.9968280880472676
0.9968280880472676
0.9969217707651187
0.9970310734040438
0.9971179057785079
0.9971523388661969
0.9972917601584673
0.9973327935934194
0.9974126548424661
0.9974406189451804
0.9974704941339166
0.9976210932985593
0.9976210932985593
0.9977603477538903
0.9977969301888187
0.9978700259778074
0.9979257045998841
0.9979257045998841
0.9979257045998841
0.9979616522987871
0.9979616522987871
0.9979616522987871
0.9980259940844171
0.9980259940844171
0.9980259940844171
0.9980259940844171
0.9980259940844171
0.9980867794680941
0.9982272209849024
0.9983029935517719
0.9983304650674165
0.9983710947440674
0.9984049631405127
0.998471226392284
0.998471226392284
0.998471226392284
0.998471226392284
0.998471226392284
0.998471226392284
0.998471226392284
0.998471226392284
0.9985653780709195
0.9986007823304325
0.9986415115518077
0.9986415115518077
0.9986415115518077
0.9986764144423407
0.9986764144423407
0.9986764144423407
0.998711806817815
0.9987485036378222
0.9987485036378222
0.9987485036378222
0.99878755912189
0.99878755912189
0.99878755912189
0.9988319772757841
0.9988319772757841
0.9988319772757841
0.9988319772757841
0.9988319772757841
0.9989405616345958
0.9989405616345958
0.9989786659910557
0.9990141550180284
0.9990421012059888
0.9990819830947731
0.9991161869376518
0.9991161869376518
0.9991161869376518
0.9991161869376518
0.9991161869376518
0.9991509510441731
0.9991509510441731
0.9991912538183734
0.9991912538183734
0.9992250257372524
0.9992642435362711
0.9992642435362711
0.9992642435362711
0.9992642435362711
0.9992642435362711
0.9993026919023228
0.9993026919023228
0.9993357462897988
0.9993357462897988
0.9993357462897988
0.999370884181117
0.9994017828473254
0.9994017828473254
0.9994017828473254
0.9994017828473254
0.9994017828473254
0.9994017828473254
0.9994017828473254
0.9994017828473254
0.9994017828473254
0.9994017828473254
0.9994017828473254
0.9994017828473254
0.9994017828473254
0.9994017828473254
0.9994017828473254
0.9994017828473254
0.9994017828473254
0.9994406647133318
0.9994406647133318
0.9994867518006162
0.9995304224175935
0.9995304224175935
0.9995304224175935
0.9995304224175935
0.9995304224175935
0.9995304224175935
0.9995734675864962
0.9995734675864962
0.9995734675864962
0.9995734675864962
0.9996118325553226
0.9996479081755825
0.9996479081755825
0.9996921389473529
0.9996921389473529
0.9997192222841033
0.9997192222841033
0.9997192222841033
0.9997192222841033
0.9997192222841033
0.9997192222841033
0.9997192222841033
0.9997192222841033
0.9997192222841033
0.9997192222841033
0.9997601294095054
0.9997601294095054
0.9997601294095054
0.9997601294095054
0.9997601294095054
0.9997601294095054
0.9997601294095054
0.9997601294095054
0.9997601294095054
0.9997601294095054
0.9997601294095054
0.9997601294095054
0.9997601294095054
0.9997601294095054
0.9997601294095054
0.9997601294095054
0.9997601294095054
0.9997601294095054
0.9997601294095054
0.9997601294095054
0.999796813553091
0.999796813553091
0.999796813553091
0.999796813553091
0.999796813553091
0.999796813553091
0.999796813553091
0.999796813553091
0.999796813553091
0.999796813553091
0.999796813553091
0.999796813553091
0.999796813553091
0.999796813553091
0.999796813553091
0.999796813553091
0.999796813553091
0.9998291872925338
0.9998291872925338
0.9998291872925338
0.9998291872925338
0.9998291872925338
0.9998291872925338
0.9998291872925338
0.9998291872925338
0.9998291872925338
0.9998291872925338
0.9998291872925338
0.9998678412937789
0.9998678412937789
0.9998678412937789
0.9998678412937789
0.9998678412937789
0.9998678412937789
0.9998678412937789
0.9998678412937789
0.9998678412937789
0.9998678412937789
0.9998678412937789
0.9998678412937789
0.9998678412937789
0.9998678412937789
0.9998678412937789
0.9999004851474838
0.9999004851474838
0.9999004851474838
0.9999004851474838
0.9999004851474838
0.9999004851474838
0.9999004851474838
0.9999004851474838
0.9999004851474838
0.9999004851474838
0.9999004851474838
0.9999004851474838
0.9999004851474838
0.9999377462932766
0.9999377462932766
0.9999377462932766
0.9999377462932766
0.9999377462932766
0.9999377462932766
0.9999377462932766
0.9999377462932766
0.9999377462932766
0.9999377462932766
0.9999377462932766
0.9999377462932766
0.9999377462932766
0.9999377462932766
0.9999377462932766
0.9999377462932766
0.9999377462932766
0.9999377462932766
0.9999377462932766
0.9999377462932766
0.9999377462932766
0.9999377462932766
0.9999377462932766
0.9999377462932766
0.9999377462932766
0.9999377462932766
0.9999377462932766
0.9999377462932766
0.9999377462932766
0.9999377462932766
0.9999377462932766
0.9999377462932766
0.9999377462932766
0.9999377462932766
0.9999377462932766
0.9999377462932766
0.9999377462932766
0.9999377462932766
0.9999377462932766
0.9999377462932766
0.9999377462932766
0.9999377462932766
0.9999377462932766
0.9999377462932766
0.9999377462932766
0.9999377462932766
0.9999377462932766
0.9999377462932766
0.9999377462932766
0.9999377462932766
0.9999377462932766
0.9999377462932766
0.9999377462932766
0.9999377462932766
0.9999377462932766
0.9999377462932766
0.9999377462932766
0.9999696018579688
0.9999696018579688
0.9999696018579688
0.9999696018579688
0.9999696018579688
0.9999696018579688
0.9999696018579688
0.9999696018579688
0.9999696018579688
0.9999696018579688
0.9999696018579688
0.9999696018579688
0.9999696018579688
0.9999696018579688
0.9999696018579688
0.9999696018579688
0.9999696018579688
0.9999696018579688
0.9999696018579688
0.9999696018579688
0.9999696018579688
0.9999696018579688
0.9999696018579688
0.9999696018579688
0.9999696018579688
0.9999696018579688
0.9999696018579688
0.9999696018579688
0.9999696018579688
0.9999696018579688
0.9999696018579688
0.9999696018579688
0.9999696018579688
0.9999696018579688
0.9999696018579688
0.9999696018579688
0.9999696018579688
0.9999696018579688
0.9999696018579688
0.9999696018579688
0.9999696018579688
0.9999696018579688
0.9999696018579688
0.9999696018579688
0.9999696018579688
0.9999696018579688
0.9999696018579688
0.9999696018579688
0.9999696018579688
0.9999696018579688
0.9999696018579688
0.9999696018579688
0.9999696018579688
0.9999696018579688
0.9999696018579688
0.9999696018579688
0.9999696018579688
0.9999696018579688
0.9999696018579688
0.9999696018579688
0.9999696018579688
0.9999696018579688
0.9999696018579688
0.9999696018579688
0.9999696018579688
0.9999696018579688
0.9999696018579688
0.9999696018579688
0.9999696018579688
0.9999696018579688
0.9999696018579688
0.9999696018579688
0.9999696018579688
0.9999696018579688
0.9999696018579688
0.9999696018579688
0.9999696018579688
0.9999696018579688
0.9999696018579688
0.9999696018579688
0.9999696018579688
0.9999696018579688
0.9999696018579688
0.9999696018579688
0.9999696018579688
0.9999696018579688
0.9999696018579688
0.9999696018579688
0.9999696018579688
0.9999696018579688
0.9999696018579688
0.9999696018579688
0.9999696018579688
0.9999696018579688
0.9999696018579688
0.9999696018579688
0.9999696018579688
0.9999696018579688
0.9999696018579688
0.9999696018579688
0.9999696018579688
0.9999696018579688
0.9999696018579688
0.9999696018579688
0.9999696018579688
0.9999696018579688
0.9999696018579688
0.9999696018579688
0.9999696018579688
0.9999696018579688
0.9999696018579688
0.9999696018579688
0.9999696018579688
0.9999696018579688
0.9999696018579688
0.9999696018579688
0.9999696018579688
0.9999696018579688
0.9999696018579688
0.9999696018579688
0.9999696018579688
0.9999696018579688
0.9999696018579688
0.9999696018579688
0.9999696018579688
0.9999696018579688
0.9999696018579688
0.9999696018579688
0.9999696018579688
0.9999696018579688
0.9999696018579688
0.9999696018579688
0.9999696018579688
0.9999696018579688
0.9999696018579688
0.9999696018579688
0.9999696018579688
0.9999696018579688
0.9999696018579688
0.9999696018579688
0.9999696018579688
0.9999696018579688
0.9999696018579688
0.9999696018579688
0.9999696018579688
0.9999696018579688
0.9999696018579688
0.9999696018579688
0.9999696018579688
0.9999696018579688
0.9999696018579688
0.9999696018579688
0.9999696018579688
0.9999696018579688
0.9999696018579688
0.9999696018579688
0.9999696018579688
0.9999696018579688
0.9999696018579688
0.9999696018579688
0.9999696018579688
0.9999696018579688
0.9999696018579688
0.9999696018579688
0.9999696018579688
0.9999696018579688
0.9999696018579688
0.9999696018579688
0.9999696018579688
0.9999696018579688
0.9999696018579688
0.9999696018579688
0.9999696018579688
0.9999696018579688
0.9999696018579688
0.9999696018579688
0.9999696018579688
0.9999696018579688
0.9999696018579688
0.9999696018579688
0.9999696018579688
0.9999696018579688
0.9999696018579688
0.9999696018579688
0.9999696018579688
0.9999696018579688
0.9999696018579688
0.9999696018579688
0.9999696018579688
0.9999696018579688
0.9999696018579688
0.9999696018579688
0.9999696018579688
0.9999696018579688
0.9999696018579688
0.9999696018579688
0.9999696018579688
0.9999696018579688
0.9999696018579688
0.9999696018579688
0.9999696018579688
0.9999696018579688
0.9999696018579688
