0.08372453326650803
0.1573595351459717
0.21859826880507882
0.2692044731236687
0.31465389048991316
0.35542088084199974
0.3925312554817695
0.42375426220607315
0.4546062815854316
0.48030883139122027
0.5044608988013202
0.5259384308566178
0.5460317859081988
0.5637374159462057
0.582413578081276
0.5975081777555027
0.6120889717245124
0.6246660923860847
0.6397757758008601
0.6527037735455046
0.6650301069206025
0.6746855114229635
0.6843279309192667
0.6933371569978698
0.7029407091843135
0.7103661612997549
0.7171915403249383
0.724113427724178
0.7325389926074418
0.7399507684918356
0.7477437017082232
0.7532555089170111
0.7595325168107587
0.765612097481518
0.7703716931879881
0.7761234222946158
0.7805278473875459
0.7859820093555536
0.7914462953681672
0.7966475754917927
0.8000626989099113
0.8046969427390053
0.8084442321346539
0.8132845528964614
0.8169345883974435
0.8211336946080281
0.8252296913502911
0.8290115837614335
0.8311190410558403
0.8351171010316176
0.8377130434782614
0.839956676272815
0.8426715031533226
0.8450260786033491
0.8479260723384696
0.8501725619178873
0.8529248736582733
0.8555316146681694
0.8580994800150366
0.8607004865722756
0.8633122875161852
0.8658087770956007
0.8682873303261913
0.8707305433738467
0.8732645386960692
0.875522584889113
0.8773166207242185
0.8790739297498226
0.8810682579459539
0.8828565551518182
0.8852126007601384
0.8872717621016589
0.8886183748903663
0.8902077788915325
0.8915565405337675
0.8931798145595804
0.8951222737334505
0.8965106774422577
0.8978183686254853
0.900312026479556
0.9009928914505277
0.9022840162051547
0.9041003779810404
0.9047279246543882
0.9057380612287506
0.9073029904356175
0.907931990560914
0.9097988096729728
0.911041663534228
0.9125309276197632
0.9130756170905896
0.9138659921480196
0.9151074092636677
0.9156542559411925
0.9174216138328535
0.9186601365743652
0.9196392933216399
0.920732312158041
0.9212366599841292
0.9221365576577706
0.9229701562043197
0.9242814455164345
0.9254061228751626
0.9258095852650045
0.9264861274694058
0.9275222089963662
0.9286641857745477
0.9295359562293782
0.9303068871904098
0.931150568015703
0.9318134214592999
0.9323862172660075
0.9327306143758088
0.9339972559829605
0.9348942551058771
0.9353849099945706
0.9361709789917733
0.9364433299920644
0.9374016017207526
0.9381804535772458
0.938476571440505
0.9393411665204874
0.9398253330827406
0.9404060456083208
0.9413873553857072
0.942011320636512
0.9428298187361644
0.9431324249258668
0.9431324249258668
0.9438363362987087
0.9438983001294734
0.9445438708599588
0.9447787578833057
0.9456433404335294
0.946110936390595
0.9462103600217179
0.9470879066950677
0.9475266716785712
0.9479899448690641
0.9487824813097772
0.9489114480223861
0.9496276197636048
0.9504489746481224
0.9508063358810509
0.951637773044313
0.95223795054922
0.9526630267719164
0.9528236979492958
0.9536277617675307
0.9541940650712099
0.9547618134736656
0.955565169360563
0.955927573821157
0.956217211711145
0.9568022553564699
0.957344067159502
0.9575630956855847
0.9580825773712541
0.958596287014993
0.9595567034206234
0.9598088773336655
0.9598088773336655
0.960047358309316
0.960047358309316
0.9607901954642272
0.9609105208202817
0.9609105208202817
0.961161245457963
0.9612513072714367
0.9615366182182691
0.9615366182182691
0.9617916697991065
0.9628623042225287
0.9631843545086244
0.9635215470074754
0.9638313578081283
0.9642096207659859
0.9645208766654131
0.9648278097982691
0.9655036440713337
0.9656189261997222
0.9657349287892061
0.9658811823915124
0.9660216806582292
0.9661837969343837
0.9664150691224984
0.9669763459048556
0.9671449379776952
0.9673942425761173
0.9675707638975893
0.9681781501900347
0.9683762853443586
0.9688100154533673
0.969051378273397
0.9693777596792372
0.9693777596792372
0.9698165371924973
0.9701587687424296
0.9702783694608019
0.9703605062022288
0.9703605062022288
0.9708626968216159
0.9708626968216159
0.9708626968216159
0.9713144509877606
0.9720608820949741
0.9720608820949741
0.9720608820949741
0.9723678110512454
0.9723678110512454
0.9723678110512454
0.9724326567263898
0.9724960573027593
0.972741738712775
0.9728987992315069
0.9728987992315069
0.9728987992315069
0.9731927557114793
0.9731927557114793
0.973375036545125
0.9739211752913157
0.9739211752913157
0.9742612496345471
0.9749630121538642
0.9751669109969497
0.9753837823163339
0.9753837823163339
0.9753837823163339
0.9758081422545215
0.9762562732322596
0.976579039802864
0.976579039802864
0.9771857014576278
0.9775805308440875
0.9775805308440875
0.9777375913628195
0.9777375913628195
0.9777375913628195
0.9777375913628195
0.9777375913628195
0.97795301340684
0.97795301340684
0.9781670070584297
0.9781670070584297
0.9782974105166432
0.9782974105166432
0.9782974105166432
0.9787750845758675
0.9787750845758675
0.9787750845758675
0.9787750845758675
0.9789955582007257
0.979184323184228
0.979184323184228
0.979184323184228
0.979184323184228
0.979184323184228
0.9795863655348124
0.9795863655348124
0.9795863655348124
0.9795863655348124
0.9795863655348124
0.9795863655348124
0.9795863655348124
0.9797722570271056
0.9800100217182474
0.9800100217182474
0.9800100217182474
0.9802362548552815
0.9802362548552815
0.9802362548552815
0.9802362548552815
0.9802362548552815
0.9805229983711319
0.9806887085995908
0.9806887085995908
0.9806887085995908
0.9806887085995908
0.9806887085995908
0.9806887085995908
0.9806887085995908
0.9806887085995908
0.9812276302050699
0.9812276302050699
0.9812276302050699
0.9812276302050699
0.9812276302050699
0.9812276302050699
0.9812276302050699
0.9812276302050699
0.9815345549847545
0.9815345549847545
0.9815345549847545
0.9815345549847545
0.9815345549847545
0.9817305245792077
0.9817305245792077
0.9818911874034154
0.9818911874034154
0.9818911874034154
0.9818911874034154
0.982469742722296
0.982469742722296
0.982469742722296
0.9826837238441276
0.9826837238441276
0.9826837238441276
0.9826837238441276
0.9829121267176175
0.9829121267176175
0.9829121267176175
0.9829121267176175
0.9829121267176175
0.9829121267176175
0.9831506076932687
0.9833523409764845
0.9833523409764845
0.9833523409764845
0.9833523409764845
0.9833523409764845
0.9833523409764845
0.9833523409764845
0.9833523409764845
0.9833523409764845
0.9833523409764845
0.983835070793133
0.983835070793133
0.9843675166019278
0.9847745938270046
0.9853531366161271
0.9853531366161271
0.9856600655723982
0.9856600655723982
0.9859878962535992
0.9859878962535992
0.9859878962535992
0.9859878962535992
0.9863423714655616
0.9863423714655616
0.9863423714655616
0.9865945453786057
0.9867595309693838
0.9867595309693838
0.9867595309693838
0.9869850394687364
0.9869850394687364
0.9869850394687364
0.987227126926449
0.987227126926449
0.987227126926449
0.987227126926449
0.987227126926449
0.987227126926449
0.987227126926449
0.987227126926449
0.987227126926449
0.987227126926449
0.987227126926449
0.987227126926449
0.987227126926449
0.987227126926449
0.987227126926449
0.987227126926449
0.987227126926449
0.987227126926449
0.987227126926449
0.987227126926449
0.987227126926449
0.987227126926449
0.987227126926449
0.987227126926449
0.987227126926449
0.987227126926449
0.9875081151067107
0.9875081151067107
0.9875081151067107
0.9875081151067107
0.9875081151067107
0.9875081151067107
0.9875081151067107
0.9880059704297709
0.9880059704297709
0.9880059704297709
0.9883453159587349
0.9883453159587349
0.9886378356931043
0.9886378356931043
0.9886378356931043
0.9889166624900804
0.9889166624900804
0.9889166624900804
0.9889166624900804
0.9889166624900804
0.9889166624900804
0.9889166624900804
0.9889166624900804
0.9889166624900804
0.9889166624900804
0.9889166624900804
0.9889166624900804
0.9889166624900804
0.9889166624900804
0.9889166624900804
0.9889166624900804
0.9889166624900804
0.9889166624900804
0.9892718665163089
0.9892718665163089
0.9892718665163089
0.9892718665163089
0.9892718665163089
0.989570145762853
0.989570145762853
0.989570145762853
0.989570145762853
0.989570145762853
0.989570145762853
0.989570145762853
0.989570145762853
0.989570145762853
0.989570145762853
0.9899808252934059
0.9899808252934059
0.9899808252934059
0.9902625381113473
0.9902625381113473
0.9906379192248254
0.990890817775549
0.990890817775549
0.990890817775549
0.990890817775549
0.990890817775549
0.990890817775549
0.990890817775549
0.990890817775549
0.990890817775549
0.990890817775549
0.990890817775549
0.9911170467359965
0.9911170467359965
0.9911170467359965
0.9911170467359965
0.9911170467359965
0.9911170467359965
0.9911170467359965
0.9911170467359965
0.9911170467359965
0.9911170467359965
0.9911170467359965
0.9911170467359965
0.9911170467359965
0.9911170467359965
0.9911170467359965
0.9911170467359965
0.9911170467359965
0.9911170467359965
0.9913908386584795
0.9913908386584795
0.9913908386584795
0.9913908386584795
0.9913908386584795
0.9913908386584795
0.9913908386584795
0.9913908386584795
0.9913908386584795
0.9913908386584795
0.9913908386584795
0.9917013657436401
0.9917013657436401
0.9917013657436401
0.9917013657436401
0.9917013657436401
0.9917013657436401
0.9917013657436401
0.9917013657436401
0.9919549764022874
0.9919549764022874
0.9919549764022874
0.9919549764022874
0.9919549764022874
0.9919549764022874
0.9919549764022874
0.9919549764022874
0.9919549764022874
0.9919549764022874
0.9919549764022874
0.9919549764022874
0.9919549764022874
0.9919549764022874
0.9919549764022874
0.9919549764022874
0.9919549764022874
0.9919549764022874
0.9919549764022874
0.9921559892244065
0.9921559892244065
0.9921559892244065
0.9921559892244065
0.9921559892244065
0.9921559892244065
0.9921559892244065
0.9921559892244065
0.9921559892244065
0.9921559892244065
0.9921559892244065
0.9921559892244065
0.9921559892244065
0.9921559892244065
0.9921559892244065
0.9921559892244065
0.9921559892244065
0.9921559892244065
0.9921559892244065
0.9921559892244065
0.9921559892244065
0.9921559892244065
0.9921559892244065
0.9921559892244065
0.9921559892244065
0.9921559892244065
0.9924780478636738
0.9924780478636738
0.9924780478636738
0.9924780478636738
0.9924780478636738
0.9924780478636738
0.9924780478636738
0.9924780478636738
0.9924780478636738
0.9924780478636738
0.9924780478636738
0.9924780478636738
0.9924780478636738
0.9924780478636738
0.9924780478636738
0.9924780478636738
0.9924780478636738
0.9924780478636738
0.9924780478636738
0.9924780478636738
0.9924780478636738
0.9924780478636738
0.9924780478636738
0.9924780478636738
0.9924780478636738
0.9924780478636738
0.9924780478636738
0.9924780478636738
0.9924780478636738
0.9924780478636738
0.9924780478636738
0.9924780478636738
0.9924780478636738
0.9924780478636738
0.9924780478636738
0.9924780478636738
0.9924780478636738
0.9924780478636738
0.9924780478636738
0.9924780478636738
0.9924780478636738
0.9924780478636738
0.9924780478636738
0.9924780478636738
0.9924780478636738
0.9924780478636738
0.9924780478636738
0.9924780478636738
0.9924780478636738
0.9924780478636738
0.9924780478636738
0.9924780478636738
0.9924780478636738
0.9924780478636738
0.9924780478636738
0.9924780478636738
0.9924780478636738
0.9924780478636738
0.9924780478636738
0.9924780478636738
0.9924780478636738
0.9924780478636738
0.9924780478636738
0.9924780478636738
0.9924780478636738
0.9924780478636738
0.9924780478636738
0.9924780478636738
0.9924780478636738
0.9924780478636738
0.9924780478636738
0.9924780478636738
0.9924780478636738
0.9924780478636738
0.9924780478636738
0.9924780478636738
0.9924780478636738
0.9924780478636738
0.9924780478636738
0.9924780478636738
0.9924780478636738
0.9924780478636738
0.9924780478636738
0.9924780478636738
0.9924780478636738
0.9924780478636738
0.9924780478636738
0.9924780478636738
0.9924780478636738
0.9924780478636738
0.9924780478636738
0.9924780478636738
0.9924780478636738
0.9924780478636738
0.9924780478636738
0.9924780478636738
0.9924780478636738
0.9924780478636738
0.9924780478636738
0.9924780478636738
0.9924780478636738
0.9924780478636738
0.9924780478636738
0.9924780478636738
0.9924780478636738
0.9924780478636738
0.9924780478636738
0.9924780478636738
0.9924780478636738
0.9924780478636738
0.9924780478636738
0.9924780478636738
0.9924780478636738
0.9924780478636738
0.9924780478636738
0.9924780478636738
0.9924780478636738
0.9924780478636738
0.9924780478636738
0.9924780478636738
0.9924780478636738
0.9924780478636738
0.9924780478636738
0.9924780478636738
0.9924780478636738
0.9924780478636738
0.9924780478636738
0.9924780478636738
0.9924780478636738
0.9924780478636738
0.9924780478636738
0.9928101887816871
0.9928101887816871
0.9928101887816871
0.9928101887816871
0.9928101887816871
0.9928101887816871
0.9928101887816871
0.9928101887816871
0.9928101887816871
0.9928101887816871
0.9928101887816871
0.9928101887816871
0.9928101887816871
0.9928101887816871
0.9928101887816871
0.9928101887816871
0.9928101887816871
0.9928101887816871
0.9928101887816871
0.9928101887816871
0.9928101887816871
0.9928101887816871
0.9928101887816871
0.9928101887816871
0.9928101887816871
0.9928101887816871
0.9928101887816871
0.9928101887816871
0.9928101887816871
0.9928101887816871
0.9928101887816871
0.9928101887816871
0.9928101887816871
0.9928101887816871
0.9928101887816871
0.9928101887816871
0.9928101887816871
0.9928101887816871
0.9928101887816871
0.9928101887816871
0.9928101887816871
0.9928101887816871
0.9928101887816871
0.9928101887816871
0.9928101887816871
0.9928101887816871
0.9928101887816871
0.9928101887816871
0.9928101887816871
0.9928101887816871
0.9932662615378146
0.9932662615378146
0.9932662615378146
0.9932662615378146
0.9932662615378146
0.9932662615378146
0.9932662615378146
0.9932662615378146
0.9932662615378146
0.9932662615378146
0.9932662615378146
0.9932662615378146
0.9932662615378146
0.9932662615378146
0.9932662615378146
0.9932662615378146
0.9932662615378146
0.9932662615378146
0.9932662615378146
0.9932662615378146
0.9932662615378146
0.9932662615378146
0.9932662615378146
0.9932662615378146
0.9932662615378146
0.9932662615378146
0.9932662615378146
0.9932662615378146
0.9932662615378146
0.9932662615378146
0.9932662615378146
0.9932662615378146
0.9932662615378146
0.9932662615378146
0.9932662615378146
0.9932662615378146
0.9932662615378146
0.9932662615378146
0.9932662615378146
0.9932662615378146
0.9932662615378146
0.9932662615378146
0.9932662615378146
0.9932662615378146
0.9932662615378146
0.9932662615378146
0.9932662615378146
0.9936755001461758
0.9936755001461758
0.9936755001461758
0.9936755001461758
0.9936755001461758
0.9936755001461758
0.9936755001461758
0.9936755001461758
0.9936755001461758
0.9936755001461758
0.9936755001461758
0.9936755001461758
0.9936755001461758
0.9936755001461758
0.9936755001461758
0.9936755001461758
0.9936755001461758
0.9936755001461758
0.9936755001461758
0.9936755001461758
0.9936755001461758
0.9936755001461758
0.9936755001461758
0.9936755001461758
0.9936755001461758
0.9936755001461758
0.9936755001461758
0.9941164348661358
0.9941164348661358
0.9941164348661358
0.9941164348661358
0.9941164348661358
0.9941164348661358
0.9941164348661358
0.9941164348661358
0.9941164348661358
0.9941164348661358
0.9941164348661358
0.9941164348661358
0.9941164348661358
0.9947936933550455
0.9947936933550455
0.9947936933550455
0.9947936933550455
0.9947936933550455
0.9947936933550455
0.9947936933550455
0.9947936933550455
0.9947936933550455
0.9947936933550455
0.9947936933550455
0.9947936933550455
0.9947936933550455
0.9947936933550455
0.9947936933550455
0.9947936933550455
0.9947936933550455
0.9947936933550455
0.9947936933550455
0.9953419976611072
0.9953419976611072
0.9953419976611072
0.9953419976611072
0.9953419976611072
0.9953419976611072
0.9953419976611072
0.9953419976611072
0.9953419976611072
0.9953419976611072
0.9953419976611072
0.9953419976611072
0.9953419976611072
0.9953419976611072
0.9953419976611072
0.9953419976611072
0.9953419976611072
0.9953419976611072
0.9953419976611072
0.9953419976611072
0.9953419976611072
0.9953419976611072
0.9953419976611072
0.9953419976611072
0.9953419976611072
0.9953419976611072
0.9953419976611072
0.9953419976611072
0.9953419976611072
0.9953419976611072
0.9953419976611072
0.9953419976611072
0.9953419976611072
0.9953419976611072
0.9953419976611072
0.9953419976611072
0.9953419976611072
0.9953419976611072
0.9953419976611072
0.9953419976611072
0.9953419976611072
0.9953419976611072
0.9953419976611072
0.9953419976611072
0.9953419976611072
0.9953419976611072
0.9953419976611072
0.9953419976611072
0.9953419976611072
0.9953419976611072
0.9953419976611072
0.9953419976611072
0.9953419976611072
0.9953419976611072
0.9953419976611072
0.9953419976611072
0.9953419976611072
0.9953419976611072
0.9953419976611072
0.9953419976611072
0.9953419976611072
0.9953419976611072
0.9953419976611072
0.9953419976611072
0.9953419976611072
0.9953419976611072
0.9953419976611072
0.9953419976611072
0.9953419976611072
0.9953419976611072
0.9953419976611072
0.9953419976611072
0.9953419976611072
0.9953419976611072
0.9953419976611072
0.9953419976611072
0.9953419976611072
0.9953419976611072
0.9953419976611072
0.9953419976611072
0.9953419976611072
0.9953419976611072
0.9953419976611072
0.9953419976611072
0.9953419976611072
0.9953419976611072
0.9953419976611072
0.9953419976611072
0.9953419976611072
0.9953419976611072
0.9953419976611072
0.9953419976611072
0.9953419976611072
0.9953419976611072
0.9953419976611072
0.9953419976611072
0.9953419976611072
0.9953419976611072
0.9953419976611072
0.9953419976611072
0.9953419976611072
0.9953419976611072
0.9953419976611072
0.9953419976611072
0.9953419976611072
0.9953419976611072
0.9953419976611072
0.9953419976611072
0.9953419976611072
0.9953419976611072
0.9953419976611072
0.9953419976611072
0.9953419976611072
0.9953419976611072
0.9953419976611072
0.9953419976611072
0.9953419976611072
0.9953419976611072
0.9953419976611072
0.9953419976611072
0.9953419976611072
0.9953419976611072
0.9953419976611072
0.9953419976611072
0.9953419976611072
0.9953419976611072
0.9953419976611072
0.9953419976611072
0.9953419976611072
0.9953419976611072
0.9953419976611072
0.9953419976611072
0.9953419976611072
0.9953419976611072
0.9953419976611072
0.9953419976611072
0.9953419976611072
0.9953419976611072
0.9953419976611072
0.9953419976611072
0.9953419976611072
0.9953419976611072
0.9953419976611072
0.9953419976611072
0.9953419976611072
0.9953419976611072
0.9953419976611072
0.9953419976611072
0.9953419976611072
0.9953419976611072
0.9953419976611072
0.9953419976611072
0.9953419976611072
0.9953419976611072
0.9953419976611072
0.9953419976611072
0.9953419976611072
0.9953419976611072
0.9953419976611072
0.9953419976611072
0.9953419976611072
0.9953419976611072
0.9953419976611072
0.9953419976611072
0.9953419976611072
0.9953419976611072
0.9953419976611072
0.9953419976611072
0.9953419976611072
0.9953419976611072
0.9953419976611072
0.9953419976611072
0.9953419976611072
0.9953419976611072
0.9953419976611072
0.9953419976611072
0.9953419976611072
0.9953419976611072
0.9953419976611072
0.9953419976611072
0.9953419976611072
0.9953419976611072
0.9953419976611072
0.9953419976611072
0.9953419976611072
0.9953419976611072
0.9953419976611072
0.9953419976611072
0.9953419976611072
0.9953419976611072
0.9953419976611072
0.9953419976611072
0.9953419976611072
0.9953419976611072
0.9953419976611072
0.9953419976611072
0.9953419976611072
0.9953419976611072
0.9953419976611072
0.9957541139372649
0.9957541139372649
0.9957541139372649
0.9957541139372649
0.9957541139372649
0.9957541139372649
0.9957541139372649
0.9957541139372649
0.9957541139372649
0.9957541139372649
0.9957541139372649
0.9957541139372649
0.9957541139372649
0.9957541139372649
0.9957541139372649
0.9957541139372649
0.9957541139372649
0.9957541139372649
0.9957541139372649
0.9957541139372649
0.9957541139372649
0.9957541139372649
0.9957541139372649
0.9957541139372649
0.9957541139372649
0.9957541139372649
0.9960221296412303
0.9960221296412303
0.9960221296412303
0.9960221296412303
0.9960221296412303
0.9960221296412303
0.9960221296412303
0.9960221296412303
0.9960221296412303
0.9960221296412303
0.9960221296412303
0.9960221296412303
0.9960221296412303
0.9960221296412303
0.9960221296412303
0.9960221296412303
0.9960221296412303
0.9960221296412303
0.9960221296412303
0.9960221296412303
0.9960221296412303
0.9960221296412303
0.9960221296412303
0.9960221296412303
0.9960221296412303
0.9960221296412303
0.9960221296412303
0.9960221296412303
0.9960221296412303
0.9960221296412303
0.9960221296412303
0.9960221296412303
0.9960221296412303
0.9960221296412303
0.9960221296412303
0.9960221296412303
0.9960221296412303
0.9960221296412303
0.9960221296412303
0.9960221296412303
0.9960221296412303
0.9960221296412303
0.9960221296412303
0.9960221296412303
0.9960221296412303
0.9960221296412303
0.9960221296412303
0.9960221296412303
0.9960221296412303
0.9960221296412303
0.9960221296412303
0.9960221296412303
0.9960221296412303
0.9960221296412303
0.9960221296412303
0.9960221296412303
0.9960221296412303
0.9960221296412303
0.9960221296412303
0.9960221296412303
0.9960221296412303
0.9960221296412303
0.9960221296412303
0.9960221296412303
0.9960221296412303
0.9960221296412303
0.9960221296412303
0.9960221296412303
0.9960221296412303
0.9960221296412303
0.9960221296412303
0.9960221296412303
0.9960221296412303
0.9960221296412303
0.9960221296412303
0.9960221296412303
0.9960221296412303
0.9960221296412303
0.9960221296412303
0.9960221296412303
0.9960221296412303
0.9960221296412303
0.9965603433153722
0.9965603433153722
0.9965603433153722
0.9965603433153722
0.9965603433153722
0.9965603433153722
0.9965603433153722
0.9965603433153722
0.9965603433153722
0.9965603433153722
0.9965603433153722
0.9965603433153722
0.9965603433153722
0.9965603433153722
0.9965603433153722
0.9965603433153722
0.9965603433153722
0.9965603433153722
0.9965603433153722
0.9965603433153722
0.9965603433153722
0.9965603433153722
0.9965603433153722
0.9965603433153722
0.9965603433153722
0.9965603433153722
0.9965603433153722
0.9965603433153722
0.9965603433153722
0.9965603433153722
0.9969515745729436
0.9969515745729436
0.9969515745729436
0.9969515745729436
0.9969515745729436
0.9969515745729436
0.9969515745729436
0.9969515745729436
0.9969515745729436
0.9969515745729436
0.9969515745729436
0.9974876226872091
0.9974876226872091
0.9974876226872091
0.9974876226872091
0.9974876226872091
0.9974876226872091
0.9974876226872091
0.9974876226872091
0.9974876226872091
0.9974876226872091
0.9974876226872091
0.9974876226872091
0.9974876226872091
0.9974876226872091
0.9974876226872091
0.9974876226872091
0.9974876226872091
0.9974876226872091
0.9974876226872091
0.9974876226872091
0.9974876226872091
0.9974876226872091
0.9974876226872091
0.9974876226872091
0.9974876226872091
0.9974876226872091
0.9974876226872091
0.9974876226872091
0.9974876226872091
0.9974876226872091
0.9974876226872091
0.9974876226872091
0.9974876226872091
0.9974876226872091
0.9974876226872091
0.9974876226872091
0.9974876226872091
0.9974876226872091
0.9974876226872091
0.9974876226872091
0.9974876226872091
0.9974876226872091
0.9974876226872091
0.9974876226872091
0.9979617111473033
0.9979617111473033
0.9979617111473033
0.9979617111473033
0.9979617111473033
0.9979617111473033
0.9979617111473033
0.9979617111473033
0.9979617111473033
0.9979617111473033
0.9979617111473033
0.9979617111473033
0.9979617111473033
0.9979617111473033
0.9979617111473033
0.9979617111473033
0.9979617111473033
0.9979617111473033
0.9979617111473033
0.9979617111473033
0.9979617111473033
0.9979617111473033
0.9979617111473033
0.9979617111473033
0.9979617111473033
0.9979617111473033
0.9979617111473033
0.9979617111473033
0.9979617111473033
0.9979617111473033
0.9979617111473033
0.9979617111473033
0.9979617111473033
0.9979617111473033
0.9979617111473033
0.9979617111473033
0.9979617111473033
0.9979617111473033
0.9979617111473033
0.9979617111473033
0.9979617111473033
0.9979617111473033
0.9979617111473033
0.9979617111473033
0.9979617111473033
0.9979617111473033
0.9979617111473033
0.9979617111473033
0.9979617111473033
0.9979617111473033
0.9979617111473033
0.9979617111473033
0.9979617111473033
0.9979617111473033
0.9979617111473033
0.9979617111473033
0.9979617111473033
0.9979617111473033
0.9979617111473033
0.9979617111473033
0.9979617111473033
0.9979617111473033
0.9979617111473033
0.9979617111473033
0.9979617111473033
0.9979617111473033
0.9979617111473033
0.9979617111473033
0.9979617111473033
0.9979617111473033
0.9979617111473033
0.9979617111473033
0.9979617111473033
0.9979617111473033
0.9979617111473033
0.9979617111473033
0.9979617111473033
0.9979617111473033
0.9979617111473033
0.9979617111473033
0.9979617111473033
0.9979617111473033
0.9979617111473033
0.9979617111473033
0.9979617111473033
0.9979617111473033
0.9979617111473033
0.9979617111473033
0.9979617111473033
0.9979617111473033
0.9979617111473033
0.9979617111473033
0.9979617111473033
0.9979617111473033
0.9979617111473033
0.9979617111473033
0.9979617111473033
0.9979617111473033
0.9979617111473033
0.9979617111473033
0.998473979868864
0.998473979868864
0.998473979868864
0.998473979868864
0.998473979868864
0.998473979868864
0.998473979868864
0.998473979868864
0.998473979868864
0.998473979868864
0.998473979868864
0.998473979868864
0.998473979868864
0.998473979868864
0.998473979868864
0.998473979868864
0.998473979868864
0.998473979868864
0.998473979868864
0.998473979868864
0.998473979868864
0.998473979868864
0.998473979868864
0.998473979868864
0.998473979868864
0.998473979868864
0.998473979868864
0.998473979868864
0.998473979868864
0.998473979868864
0.998473979868864
0.998473979868864
0.998473979868864
0.998473979868864
0.998473979868864
0.998473979868864
0.998473979868864
0.998473979868864
0.998473979868864
0.998473979868864
0.998473979868864
0.998473979868864
0.998473979868864
0.998473979868864
0.998473979868864
0.998473979868864
0.998473979868864
0.998473979868864
0.998473979868864
0.998473979868864
0.998473979868864
0.998473979868864
0.998473979868864
0.998473979868864
0.998473979868864
0.998473979868864
0.998473979868864
0.998473979868864
0.998473979868864
0.998473979868864
0.998473979868864
0.998473979868864
0.998473979868864
0.998473979868864
0.998473979868864
0.998473979868864
0.998473979868864
0.998473979868864
0.998473979868864
0.998473979868864
0.998473979868864
0.998473979868864
0.998473979868864
0.998473979868864
0.998473979868864
0.998473979868864
0.998473979868864
0.998473979868864
0.998473979868864
0.998473979868864
0.998473979868864
0.998473979868864
0.998473979868864
0.998473979868864
0.998473979868864
0.998473979868864
0.998473979868864
0.998473979868864
0.998473979868864
0.998473979868864
0.998473979868864
0.998473979868864
0.998473979868864
0.998473979868864
0.998473979868864
0.998473979868864
0.998473979868864
0.998473979868864
0.998473979868864
0.998473979868864
0.998473979868864
0.998473979868864
0.998473979868864
0.998473979868864
0.998473979868864
0.998473979868864
0.998473979868864
0.998473979868864
0.998473979868864
0.998473979868864
0.998473979868864
0.998473979868864
0.998473979868864
0.998473979868864
0.998473979868864
0.998473979868864
0.998473979868864
0.998473979868864
0.998473979868864
0.998473979868864
0.998473979868864
0.998473979868864
0.998473979868864
0.998473979868864
0.998473979868864
0.998473979868864
0.998473979868864
0.998473979868864
0.998473979868864
0.998473979868864
0.998473979868864
0.998473979868864
0.998473979868864
0.998473979868864
0.998473979868864
0.998473979868864
0.998473979868864
0.998473979868864
0.998473979868864
0.998473979868864
0.998473979868864
0.998473979868864
0.998473979868864
0.998473979868864
0.998473979868864
0.998473979868864
0.998473979868864
0.998473979868864
0.998473979868864
0.998473979868864
0.998473979868864
0.998473979868864
0.998473979868864
0.998473979868864
0.998473979868864
0.998473979868864
0.998473979868864
0.998473979868864
0.998473979868864
0.998473979868864
0.998473979868864
0.998473979868864
0.998473979868864
0.998473979868864
0.998473979868864
0.998473979868864
0.998473979868864
0.998473979868864
0.998473979868864
0.998473979868864
0.998473979868864
0.998473979868864
0.998473979868864
0.998473979868864
0.998473979868864
0.998473979868864
0.998473979868864
0.998473979868864
0.998473979868864
0.998473979868864
0.998473979868864
0.998473979868864
0.998473979868864
0.998473979868864
0.998473979868864
0.998473979868864
0.998473979868864
0.998473979868864
0.998473979868864
0.998473979868864
0.998473979868864
0.998473979868864
0.998473979868864
0.998473979868864
0.998473979868864
0.998473979868864
0.998473979868864
0.998473979868864
0.998473979868864
0.998473979868864
0.998473979868864
0.998473979868864
0.998473979868864
0.998473979868864
0.998473979868864
0.998473979868864
0.998473979868864
0.998473979868864
0.998473979868864
0.998473979868864
0.998473979868864
0.998473979868864
0.998473979868864
0.998473979868864
0.998473979868864
0.998473979868864
0.998473979868864
0.998473979868864
0.998473979868864
0.998473979868864
0.998473979868864
0.998473979868864
0.998473979868864
0.998473979868864
0.998473979868864
0.998473979868864
0.998473979868864
0.998473979868864
0.998473979868864
0.998473979868864
0.998473979868864
0.998473979868864
0.998473979868864
0.998473979868864
0.998473979868864
0.998473979868864
0.998473979868864
0.998473979868864
0.998473979868864
0.998473979868864
0.998473979868864
0.998473979868864
0.998473979868864
0.998473979868864
0.998473979868864
0.998473979868864
0.998473979868864
0.998473979868864
0.998473979868864
0.998473979868864
0.998473979868864
0.998473979868864
0.998473979868864
0.998473979868864
0.998473979868864
0.998473979868864
0.998473979868864
0.998473979868864
0.998473979868864
0.998473979868864
0.998473979868864
0.998473979868864
0.998473979868864
0.998473979868864
0.998473979868864
0.998473979868864
0.998473979868864
0.998473979868864
0.998473979868864
0.998473979868864
0.998473979868864
0.998473979868864
0.998473979868864
0.998473979868864
0.998473979868864
0.998473979868864
0.998473979868864
0.998473979868864
0.998473979868864
0.998473979868864
0.998473979868864
0.998473979868864
0.998473979868864
0.998473979868864
0.998473979868864
0.998473979868864
0.998473979868864
0.998473979868864
0.998473979868864
0.998473979868864
0.998473979868864
0.998473979868864
0.998473979868864
0.998473979868864
0.998473979868864
0.998473979868864
0.998473979868864
0.998473979868864
0.998473979868864
0.998473979868864
0.998473979868864
0.998473979868864
0.998473979868864
0.998473979868864
0.998473979868864
0.998473979868864
0.998473979868864
0.998473979868864
0.998473979868864
0.998473979868864
0.998473979868864
0.998473979868864
0.998473979868864
0.998473979868864
0.998473979868864
0.998473979868864
0.998473979868864
0.998473979868864
0.998473979868864
0.998473979868864
0.998473979868864
0.998473979868864
0.998473979868864
0.998473979868864
0.998473979868864
0.998473979868864
0.998473979868864
0.998473979868864
0.998473979868864
0.998473979868864
0.998473979868864
0.998473979868864
0.998473979868864
0.998473979868864
0.998473979868864
0.998473979868864
0.998473979868864
0.998473979868864
0.998473979868864
0.998473979868864
0.998473979868864
0.998473979868864
0.9989495092511285
0.9989495092511285
0.9989495092511285
0.9989495092511285
0.9989495092511285
0.9989495092511285
0.9989495092511285
0.9989495092511285
0.9989495092511285
0.9989495092511285
0.9989495092511285
0.9989495092511285
0.9989495092511285
0.9989495092511285
0.9989495092511285
0.9989495092511285
0.9989495092511285
0.9989495092511285
0.9989495092511285
0.9989495092511285
0.9989495092511285
0.9989495092511285
0.9989495092511285
0.9989495092511285
0.9989495092511285
0.9989495092511285
0.9989495092511285
0.9989495092511285
0.9989495092511285
0.9989495092511285
0.9989495092511285
0.9989495092511285
0.9989495092511285
0.9989495092511285
0.9989495092511285
0.9989495092511285
0.9989495092511285
0.9989495092511285
0.9989495092511285
0.9989495092511285
0.9989495092511285
0.9989495092511285
0.9989495092511285
0.9989495092511285
0.9989495092511285
0.9989495092511285
0.9989495092511285
0.9989495092511285
0.9989495092511285
0.9989495092511285
0.9989495092511285
0.9989495092511285
0.9989495092511285
0.9989495092511285
0.9989495092511285
0.9989495092511285
0.9989495092511285
0.9989495092511285
0.9989495092511285
0.9989495092511285
0.9989495092511285
0.9989495092511285
0.9989495092511285
0.9989495092511285
0.9989495092511285
0.9989495092511285
0.9989495092511285
0.9989495092511285
0.9989495092511285
0.9989495092511285
0.9989495092511285
0.9989495092511285
0.9989495092511285
0.9989495092511285
0.9989495092511285
0.9989495092511285
0.9989495092511285
0.9989495092511285
0.9989495092511285
0.9989495092511285
0.9989495092511285
0.9989495092511285
0.9989495092511285
0.9989495092511285
0.9989495092511285
0.9989495092511285
0.9989495092511285
0.9989495092511285
0.9989495092511285
0.9989495092511285
0.9989495092511285
0.9989495092511285
0.9989495092511285
0.9989495092511285
0.9989495092511285
0.9989495092511285
0.9989495092511285
0.9989495092511285
0.9989495092511285
0.9989495092511285
0.9989495092511285
0.9989495092511285
0.9989495092511285
0.9989495092511285
0.9989495092511285
0.9989495092511285
0.9989495092511285
0.9989495092511285
0.9989495092511285
0.9989495092511285
0.9989495092511285
0.9989495092511285
0.9989495092511285
0.9989495092511285
0.9989495092511285
0.9989495092511285
0.9989495092511285
0.9989495092511285
0.9989495092511285
0.9989495092511285
0.9989495092511285
0.9989495092511285
0.9989495092511285
0.9989495092511285
0.9989495092511285
0.9989495092511285
0.9989495092511285
0.9989495092511285
0.9989495092511285
0.9989495092511285
0.9989495092511285
0.9989495092511285
0.9989495092511285
0.9989495092511285
0.9994416134152072
0.9994416134152072
0.9994416134152072
0.9994416134152072
0.9994416134152072
0.9994416134152072
0.9994416134152072
0.9994416134152072
0.9994416134152072
0.9994416134152072
0.9994416134152072
0.9994416134152072
0.9994416134152072
0.9994416134152072
0.9994416134152072
0.9994416134152072
0.9994416134152072
0.9994416134152072
0.9994416134152072
0.9994416134152072
0.9994416134152072
0.9994416134152072
0.9994416134152072
0.9994416134152072
0.9994416134152072
0.9994416134152072
0.9994416134152072
0.9994416134152072
0.9994416134152072
0.9994416134152072
0.9994416134152072
0.9994416134152072
0.9994416134152072
0.9994416134152072
0.9994416134152072
0.9994416134152072
0.9994416134152072
0.9994416134152072
0.9994416134152072
0.9994416134152072
0.9994416134152072
0.9994416134152072
0.9994416134152072
0.9994416134152072
0.9994416134152072
0.9994416134152072
0.9994416134152072
0.9994416134152072
0.9994416134152072
0.9994416134152072
0.9994416134152072
0.9994416134152072
0.9994416134152072
0.9994416134152072
0.9994416134152072
0.9994416134152072
0.9994416134152072
0.9994416134152072
0.9994416134152072
0.9994416134152072
0.9994416134152072
0.9994416134152072
0.9994416134152072
0.9994416134152072
0.9994416134152072
0.9994416134152072
0.9994416134152072
0.9994416134152072
0.9994416134152072
0.9994416134152072
0.9994416134152072
0.9994416134152072
0.9994416134152072
0.9994416134152072
0.9994416134152072
0.9994416134152072
0.9994416134152072
0.9994416134152072
0.9994416134152072
0.9994416134152072
0.9994416134152072
0.9994416134152072
0.9994416134152072
0.9994416134152072
0.9994416134152072
0.9994416134152072
0.9994416134152072
0.9994416134152072
0.9994416134152072
0.9994416134152072
0.9994416134152072
0.9994416134152072
0.9994416134152072
0.9994416134152072
0.9994416134152072
0.9994416134152072
0.9994416134152072
0.9994416134152072
0.9994416134152072
0.9994416134152072
0.9994416134152072
0.9994416134152072
0.9994416134152072
0.9994416134152072
0.9994416134152072
0.9994416134152072
0.9994416134152072
0.9994416134152072
0.9994416134152072
0.9994416134152072
0.9994416134152072
0.9994416134152072
0.9994416134152072
0.9994416134152072
0.9994416134152072
0.9994416134152072
0.9994416134152072
0.9994416134152072
0.9994416134152072
0.9994416134152072
0.9994416134152072
0.9994416134152072
0.9994416134152072
0.9994416134152072
0.9994416134152072
0.9994416134152072
0.9994416134152072
0.9994416134152072
0.9994416134152072
0.9994416134152072
0.9994416134152072
0.9994416134152072
0.9994416134152072
0.9994416134152072
0.9994416134152072
0.9994416134152072
0.9994416134152072
0.9994416134152072
0.9994416134152072
0.9994416134152072
0.9994416134152072
0.9994416134152072
0.9994416134152072
0.9994416134152072
0.9994416134152072
0.9994416134152072
0.9994416134152072
0.9994416134152072
0.9994416134152072
0.9994416134152072
0.9994416134152072
0.9994416134152072
0.9994416134152072
0.9994416134152072
0.9994416134152072
0.9994416134152072
0.9994416134152072
0.9994416134152072
0.9994416134152072
0.9994416134152072
0.9994416134152072
0.9994416134152072
0.9994416134152072
0.9994416134152072
0.9994416134152072
0.9994416134152072
0.9994416134152072
0.9994416134152072
0.9994416134152072
0.9994416134152072
0.9994416134152072
0.9994416134152072
0.9994416134152072
0.9994416134152072
0.9994416134152072
0.9994416134152072
0.9994416134152072
0.9994416134152072
0.9994416134152072
0.9994416134152072
0.9994416134152072
0.9994416134152072
0.9994416134152072
0.9994416134152072
0.9994416134152072
0.9994416134152072
0.9994416134152072
0.9994416134152072
0.9994416134152072
0.9994416134152072
0.9994416134152072
0.9994416134152072
0.9994416134152072
0.9994416134152072
0.9994416134152072
0.9994416134152072
0.9994416134152072
0.9994416134152072
0.9994416134152072
0.9994416134152072
0.9994416134152072
0.9994416134152072
0.9994416134152072
0.9994416134152072
0.9994416134152072
0.9994416134152072
0.9994416134152072
0.9994416134152072
0.9994416134152072
0.9994416134152072
0.9994416134152072
0.9994416134152072
0.9994416134152072
0.9994416134152072
0.9994416134152072
0.9994416134152072
0.9994416134152072
0.9994416134152072
0.9994416134152072
0.9994416134152072
0.9994416134152072
0.9994416134152072
0.9994416134152072
0.9994416134152072
0.9994416134152072
0.9994416134152072
0.9994416134152072
0.9994416134152072
0.9994416134152072
0.9994416134152072
0.9994416134152072
0.9994416134152072
0.9994416134152072
0.9994416134152072
0.9994416134152072
0.9994416134152072
0.9994416134152072
0.9994416134152072
0.9994416134152072
0.9994416134152072
0.9994416134152072
0.9994416134152072
0.9994416134152072
0.9994416134152072
0.9994416134152072
0.9994416134152072
0.9994416134152072
0.9994416134152072
0.9994416134152072
0.9994416134152072
0.9994416134152072
0.9994416134152072
0.9994416134152072
0.9994416134152072
0.9994416134152072
0.9994416134152072
0.9994416134152072
0.9994416134152072
0.9994416134152072
0.9994416134152072
0.9994416134152072
0.9994416134152072
0.9994416134152072
0.9994416134152072
0.9994416134152072
0.9994416134152072
0.9994416134152072
0.9994416134152072
0.9994416134152072
0.9994416134152072
0.9994416134152072
0.9994416134152072
0.9994416134152072
0.9994416134152072
0.9994416134152072
0.9994416134152072
0.9994416134152072
0.9994416134152072
0.9994416134152072
0.9994416134152072
0.9994416134152072
0.9994416134152072
0.9994416134152072
0.9994416134152072
0.9994416134152072
0.9994416134152072
0.9994416134152072
0.9994416134152072
0.9994416134152072
0.9994416134152072
0.9994416134152072
0.9994416134152072
0.9994416134152072
0.9994416134152072
0.9994416134152072
0.9994416134152072
0.9994416134152072
0.9994416134152072
0.9994416134152072
0.9994416134152072
0.9994416134152072
0.9994416134152072
0.9994416134152072
0.9994416134152072
0.9994416134152072
0.9994416134152072
0.9994416134152072
0.9994416134152072
0.9994416134152072
0.9994416134152072
0.9994416134152072
0.9994416134152072
0.9994416134152072
0.9994416134152072
0.9994416134152072
0.9994416134152072
0.9994416134152072
0.9994416134152072
0.9994416134152072
0.9994416134152072
0.9994416134152072
0.9994416134152072
0.9994416134152072
0.9994416134152072
0.9994416134152072
0.9994416134152072
0.9994416134152072
0.9994416134152072
0.9994416134152072
0.9994416134152072
0.9994416134152072
0.9994416134152072
0.9994416134152072
0.9994416134152072
0.9994416134152072
0.9994416134152072
0.9994416134152072
0.9994416134152072
0.9994416134152072
0.9994416134152072
0.9994416134152072
0.9994416134152072
0.9994416134152072
0.9994416134152072
0.9994416134152072
0.9994416134152072
0.9994416134152072
0.9994416134152072
0.9994416134152072
0.9994416134152072
0.9994416134152072
0.9994416134152072
0.9994416134152072
0.9994416134152072
0.9994416134152072
0.9994416134152072
0.9994416134152072
0.9994416134152072
0.9994416134152072
0.9994416134152072
0.9994416134152072
0.9994416134152072
0.9994416134152072
0.9994416134152072
0.9994416134152072
0.9994416134152072
0.9994416134152072
0.9994416134152072
0.9994416134152072
0.9994416134152072
0.9994416134152072
0.9994416134152072
0.9994416134152072
0.9994416134152072
0.9994416134152072
0.9994416134152072
0.9994416134152072
0.9994416134152072
0.9994416134152072
0.9994416134152072
0.9994416134152072
0.9994416134152072
0.9994416134152072
0.9994416134152072
0.9994416134152072
0.9994416134152072
0.9994416134152072
0.9994416134152072
0.9994416134152072
0.9994416134152072
0.9994416134152072
0.9994416134152072
0.9994416134152072
0.9994416134152072
0.9994416134152072
0.9994416134152072
0.9994416134152072
0.9994416134152072
0.9994416134152072
0.9994416134152072
0.9994416134152072
0.9994416134152072
0.9994416134152072
0.9994416134152072
0.9994416134152072
0.9994416134152072
0.9994416134152072
0.9994416134152072
0.9994416134152072
0.9994416134152072
0.9994416134152072
0.9994416134152072
0.9994416134152072
0.9994416134152072
0.9994416134152072
0.9994416134152072
0.9994416134152072
0.9994416134152072
0.9994416134152072
0.9994416134152072
0.9994416134152072
0.9994416134152072
0.9994416134152072
0.9994416134152072
0.9994416134152072
0.9994416134152072
0.9994416134152072
0.9994416134152072
0.9994416134152072
0.9994416134152072
0.9994416134152072
0.9994416134152072
0.9994416134152072
0.9994416134152072
0.9994416134152072
0.9994416134152072
0.9994416134152072
0.9994416134152072
0.9994416134152072
0.9994416134152072
0.9994416134152072
0.9994416134152072
0.9994416134152072
0.9994416134152072
0.9994416134152072
0.9994416134152072
0.9994416134152072
0.9994416134152072
0.9994416134152072
0.9994416134152072
0.9994416134152072
0.9994416134152072
0.9994416134152072
0.9994416134152072
0.9994416134152072
0.9994416134152072
0.9994416134152072
0.9994416134152072
0.9994416134152072
0.9994416134152072
0.9994416134152072
0.9994416134152072
0.9994416134152072
0.9994416134152072
0.9994416134152072
0.9994416134152072
0.9994416134152072
0.9994416134152072
0.9994416134152072
0.9994416134152072
0.9994416134152072
0.9994416134152072
0.9994416134152072
0.9994416134152072
0.9994416134152072
0.9994416134152072
0.9994416134152072
0.9994416134152072
0.9994416134152072
0.9994416134152072
0.9994416134152072
0.9994416134152072
0.9994416134152072
0.9994416134152072
0.9994416134152072
0.9994416134152072
0.9994416134152072
0.9994416134152072
0.9994416134152072
0.9994416134152072
0.9994416134152072
0.9994416134152072
0.9994416134152072
0.9994416134152072
0.9994416134152072
0.9994416134152072
0.9994416134152072
0.9994416134152072
0.9994416134152072
0.9994416134152072
0.9994416134152072
0.9994416134152072
0.9994416134152072
0.9994416134152072
0.9994416134152072
0.9994416134152072
0.9994416134152072
0.9994416134152072
0.9994416134152072
0.9994416134152072
0.9994416134152072
0.9994416134152072
0.9994416134152072
0.9994416134152072
0.9994416134152072
0.9994416134152072
0.9994416134152072
0.9994416134152072
0.9994416134152072
0.9994416134152072
0.9994416134152072
0.9994416134152072
0.9994416134152072
0.9994416134152072
0.9994416134152072
0.9994416134152072
0.9994416134152072
0.9994416134152072
0.9994416134152072
0.9994416134152072
0.9994416134152072
0.9994416134152072
0.9994416134152072
0.9994416134152072
0.9994416134152072
0.9994416134152072
0.9994416134152072
0.9994416134152072
0.9994416134152072
0.9994416134152072
0.9994416134152072
0.9994416134152072
0.9994416134152072
0.9994416134152072
0.9994416134152072
0.9994416134152072
0.9994416134152072
0.9994416134152072
0.9994416134152072
0.9994416134152072
0.9994416134152072
0.9994416134152072
0.9994416134152072
0.9994416134152072
0.9994416134152072
0.9994416134152072
0.9994416134152072
0.9994416134152072
0.9994416134152072
0.9994416134152072
0.9994416134152072
0.9994416134152072
0.9994416134152072
0.9994416134152072
0.9994416134152072
0.9994416134152072
0.9994416134152072
0.9994416134152072
0.9994416134152072
0.9994416134152072
0.9994416134152072
0.9994416134152072
0.9994416134152072
0.9994416134152072
0.9994416134152072
0.9994416134152072
0.9994416134152072
0.9994416134152072
0.9994416134152072
0.9994416134152072
0.9994416134152072
0.9994416134152072
0.9994416134152072
0.9994416134152072
0.9994416134152072
0.9994416134152072
0.9994416134152072
0.9994416134152072
0.9994416134152072
0.9994416134152072
0.9994416134152072
0.9994416134152072
0.9994416134152072
0.9994416134152072
0.9994416134152072
0.9994416134152072
0.9994416134152072
0.9994416134152072
0.9994416134152072
0.9994416134152072
0.9994416134152072
0.9994416134152072
0.9994416134152072
0.9994416134152072
0.9994416134152072
0.9994416134152072
0.9994416134152072
0.9994416134152072
0.9994416134152072
0.9994416134152072
0.9994416134152072
0.9994416134152072
0.9994416134152072
0.9994416134152072
0.9994416134152072
0.9994416134152072
0.9994416134152072
0.9994416134152072
0.9994416134152072
0.9994416134152072
0.9994416134152072
0.9994416134152072
0.9994416134152072
0.9994416134152072
0.9994416134152072
0.9994416134152072
0.9994416134152072
0.9994416134152072
0.9994416134152072
0.9994416134152072
0.9994416134152072
0.9994416134152072
0.9994416134152072
0.9994416134152072
0.9994416134152072
0.9994416134152072
0.9994416134152072
0.9994416134152072
0.9994416134152072
