0.7489581675423671
0.7612500274497088
0.7557573778898106
0.737333611561588
0.7162446453709639
0.6954855081485197
0.6723980409500112
0.6474811183291707
0.6259011754650583
0.6007735783725269
0.5783171744327255
0.5534437940310848
0.5322168578445959
0.5108369314237454
0.4876612479937577
0.4643418879591517
0.4422948300412128
0.4213644715159498
0.396791716149332
0.37727955616935793
0.3563677744425472
0.338976436393299
0.3199347876331243
0.3039213608871628
0.28866939976025946
0.27076848984378443
0.25579606656847304
0.24303058730039306
0.2309087958633341
0.21779985371066596
0.20429865808121572
0.19389828651420113
0.18342874466884138
0.17342096085808908
0.1648723645870783
0.15526909918471418
0.14731398134377582
0.13909922097820732
0.1317501428536459
0.12433031971327102
0.1173697637163213
0.1106855405837582
0.10424353996253889
0.09898559016450857
0.09406661947066747
0.08979300682005893
0.08532585552558827
0.08120278878848804
0.07775678114326164
0.07430080222738243
0.07031362546854185
0.06628888808289889
0.06332526052043198
0.06051270171694628
0.05795558096981269
0.05565863222444171
0.05343027289778358
0.05119769150567794
0.04864045233913665
0.0470403592034597
0.045678024097594305
0.044412877797790774
0.04338860299370342
0.04154150717619219
0.0400209219137434
0.03787301237810332
0.0368430251720168
0.035623776413720575
0.03453489825298441
0.03327978296800521
0.03193782241330277
0.03020834085119213
0.02981868945324557
0.028985387849109197
0.028154339120316972
0.02708758589356117
0.026795770663723437
0.026004500669629
0.025354665708589116
0.024933219126370205
0.024586558857394372
0.024240404201347997
0.024007401269277914
0.022692576897609
0.021954690101538398
0.021812011860066847
0.021229819261840286
0.02101687238037506
0.02094894683950981
0.020545093494003554
0.01952043655346943
0.019167283725093867
0.018982074789911527
0.018250251540415017
0.018250251540415017
0.01764282311805609
0.017417092000509664
0.01702448536873914
0.016733370144198987
0.01618125071119251
0.016058199045177874
0.016008347543031425
0.01592215058955284
0.015893277910884632
0.01542242108840404
0.01542242108840404
0.014674057293007933
0.014474454323393213
0.013853636499184644
0.01350676758252106
0.01350676758252106
0.01350676758252106
0.013208098707597742
0.013208098707597742
0.013208098707597742
0.012849064604032494
0.012849064604032494
0.012849064604032494
0.012849064604032494
0.012849064604032494
0.012490486904251374
0.011679317606859297
0.011439536570040112
0.011251445433682382
0.011201335939658429
0.011096860524289508
0.010556625322360898
0.010556625322360898
0.010556625322360898
0.010556625322360898
0.010556625322360898
0.010556625322360898
0.010556625322360898
0.010556625322360898
0.009996420969313217
0.009899266562174998
0.009786494680226743
0.009786494680226743
0.009786494680226743
0.009695564555439668
0.009695564555439668
0.009695564555439668
0.009482199843384146
0.009068164602353814
0.009068164602353814
0.009068164602353814
0.008839269507526948
0.008839269507526948
0.008839269507526948
0.008739251423709805
0.008739251423709805
0.008739251423709805
0.008739251423709805
0.008739251423709805
0.008199320446672877
0.008199320446672877
0.008038345139986327
0.007912189406306372
0.0076922107981484845
0.007364331340495394
0.007237152708841462
0.007237152708841462
0.007237152708841462
0.007237152708841462
0.007237152708841462
0.0069631305715464175
0.0069631305715464175
0.006672619603867694
0.006672619603867694
0.006368500124105272
0.006329077913317493
0.006329077913317493
0.006329077913317493
0.006329077913317493
0.006329077913317493
0.005973246664082145
0.005973246664082145
0.00583187369743557
0.00583187369743557
0.00583187369743557
0.005616155292534616
0.005332161533429804
0.005332161533429804
0.005332161533429804
0.005332161533429804
0.005332161533429804
0.005332161533429804
0.005332161533429804
0.005332161533429804
0.005332161533429804
0.005332161533429804
0.005332161533429804
0.005332161533429804
0.005332161533429804
0.005332161533429804
0.005332161533429804
0.005332161533429804
0.005332161533429804
0.005068193265317437
0.005068193265317437
0.004948612873407304
0.004639231406517853
0.004639231406517853
0.004639231406517853
0.004639231406517853
0.004639231406517853
0.004639231406517853
0.004244661319221347
0.004244661319221347
0.004244661319221347
0.004244661319221347
0.004131334914582164
0.003912147994178699
0.003912147994178699
0.003533474813902736
0.003533474813902736
0.003252552816619009
0.003252552816619009
0.003252552816619009
0.003252552816619009
0.003252552816619009
0.003252552816619009
0.003252552816619009
0.003252552816619009
0.003252552816619009
0.003252552816619009
0.003023760762155797
0.003023760762155797
0.003023760762155797
0.003023760762155797
0.003023760762155797
0.003023760762155797
0.003023760762155797
0.003023760762155797
0.003023760762155797
0.003023760762155797
0.003023760762155797
0.003023760762155797
0.003023760762155797
0.003023760762155797
0.003023760762155797
0.003023760762155797
0.003023760762155797
0.003023760762155797
0.003023760762155797
0.003023760762155797
0.002736037455520136
0.002736037455520136
0.002736037455520136
0.002736037455520136
0.002736037455520136
0.002736037455520136
0.002736037455520136
0.002736037455520136
0.002736037455520136
0.002736037455520136
0.002736037455520136
0.002736037455520136
0.002736037455520136
0.002736037455520136
0.002736037455520136
0.002736037455520136
0.002736037455520136
0.0022143733663615803
0.0022143733663615803
0.0022143733663615803
0.0022143733663615803
0.0022143733663615803
0.0022143733663615803
0.0022143733663615803
0.0022143733663615803
0.0022143733663615803
0.0022143733663615803
0.0022143733663615803
0.001863923355524026
0.001863923355524026
0.001863923355524026
0.001863923355524026
0.001863923355524026
0.001863923355524026
0.001863923355524026
0.001863923355524026
0.001863923355524026
0.001863923355524026
0.001863923355524026
0.001863923355524026
0.001863923355524026
0.001863923355524026
0.001863923355524026
0.0014748618302262116
0.0014748618302262116
0.0014748618302262116
0.0014748618302262116
0.0014748618302262116
0.0014748618302262116
0.0014748618302262116
0.0014748618302262116
0.0014748618302262116
0.0014748618302262116
0.0014748618302262116
0.0014748618302262116
0.0014748618302262116
9.830402626322592E-4
9.830402626322592E-4
9.830402626322592E-4
9.830402626322592E-4
9.830402626322592E-4
9.830402626322592E-4
9.830402626322592E-4
9.830402626322592E-4
9.830402626322592E-4
9.830402626322592E-4
9.830402626322592E-4
9.830402626322592E-4
9.830402626322592E-4
9.830402626322592E-4
9.830402626322592E-4
9.830402626322592E-4
9.830402626322592E-4
9.830402626322592E-4
9.830402626322592E-4
9.830402626322592E-4
9.830402626322592E-4
9.830402626322592E-4
9.830402626322592E-4
9.830402626322592E-4
9.830402626322592E-4
9.830402626322592E-4
9.830402626322592E-4
9.830402626322592E-4
9.830402626322592E-4
9.830402626322592E-4
9.830402626322592E-4
9.830402626322592E-4
9.830402626322592E-4
9.830402626322592E-4
9.830402626322592E-4
9.830402626322592E-4
9.830402626322592E-4
9.830402626322592E-4
9.830402626322592E-4
9.830402626322592E-4
9.830402626322592E-4
9.830402626322592E-4
9.830402626322592E-4
9.830402626322592E-4
9.830402626322592E-4
9.830402626322592E-4
9.830402626322592E-4
9.830402626322592E-4
9.830402626322592E-4
9.830402626322592E-4
9.830402626322592E-4
9.830402626322592E-4
9.830402626322592E-4
9.830402626322592E-4
9.830402626322592E-4
9.830402626322592E-4
9.830402626322592E-4
5.974012612663645E-4
5.974012612663645E-4
5.974012612663645E-4
5.974012612663645E-4
5.974012612663645E-4
5.974012612663645E-4
5.974012612663645E-4
5.974012612663645E-4
5.974012612663645E-4
5.974012612663645E-4
5.974012612663645E-4
5.974012612663645E-4
5.974012612663645E-4
5.974012612663645E-4
5.974012612663645E-4
5.974012612663645E-4
5.974012612663645E-4
5.974012612663645E-4
5.974012612663645E-4
5.974012612663645E-4
5.974012612663645E-4
5.974012612663645E-4
5.974012612663645E-4
5.974012612663645E-4
5.974012612663645E-4
5.974012612663645E-4
5.974012612663645E-4
5.974012612663645E-4
5.974012612663645E-4
5.974012612663645E-4
5.974012612663645E-4
5.974012612663645E-4
5.974012612663645E-4
5.974012612663645E-4
5.974012612663645E-4
5.974012612663645E-4
5.974012612663645E-4
5.974012612663645E-4
5.974012612663645E-4
5.974012612663645E-4
5.974012612663645E-4
5.974012612663645E-4
5.974012612663645E-4
5.974012612663645E-4
5.974012612663645E-4
5.974012612663645E-4
5.974012612663645E-4
5.974012612663645E-4
5.974012612663645E-4
5.974012612663645E-4
5.974012612663645E-4
5.974012612663645E-4
5.974012612663645E-4
5.974012612663645E-4
5.974012612663645E-4
5.974012612663645E-4
5.974012612663645E-4
5.974012612663645E-4
5.974012612663645E-4
5.974012612663645E-4
5.974012612663645E-4
5.974012612663645E-4
5.974012612663645E-4
5.974012612663645E-4
5.974012612663645E-4
5.974012612663645E-4
5.974012612663645E-4
5.974012612663645E-4
5.974012612663645E-4
5.974012612663645E-4
5.974012612663645E-4
5.974012612663645E-4
5.974012612663645E-4
5.974012612663645E-4
5.974012612663645E-4
5.974012612663645E-4
5.974012612663645E-4
5.974012612663645E-4
5.974012612663645E-4
5.974012612663645E-4
5.974012612663645E-4
5.974012612663645E-4
5.974012612663645E-4
5.974012612663645E-4
5.974012612663645E-4
5.974012612663645E-4
5.974012612663645E-4
5.974012612663645E-4
5.974012612663645E-4
5.974012612663645E-4
5.974012612663645E-4
5.974012612663645E-4
5.974012612663645E-4
5.974012612663645E-4
5.974012612663645E-4
5.974012612663645E-4
5.974012612663645E-4
5.974012612663645E-4
5.974012612663645E-4
5.974012612663645E-4
5.974012612663645E-4
5.974012612663645E-4
5.974012612663645E-4
5.974012612663645E-4
5.974012612663645E-4
5.974012612663645E-4
5.974012612663645E-4
5.974012612663645E-4
5.974012612663645E-4
5.974012612663645E-4
5.974012612663645E-4
5.974012612663645E-4
5.974012612663645E-4
5.974012612663645E-4
5.974012612663645E-4
5.974012612663645E-4
5.974012612663645E-4
5.974012612663645E-4
5.974012612663645E-4
5.974012612663645E-4
5.974012612663645E-4
5.974012612663645E-4
5.974012612663645E-4
5.974012612663645E-4
5.974012612663645E-4
5.974012612663645E-4
5.974012612663645E-4
5.974012612663645E-4
5.974012612663645E-4
5.974012612663645E-4
5.974012612663645E-4
5.974012612663645E-4
5.974012612663645E-4
5.974012612663645E-4
5.974012612663645E-4
5.974012612663645E-4
5.974012612663645E-4
5.974012612663645E-4
5.974012612663645E-4
5.974012612663645E-4
5.974012612663645E-4
5.974012612663645E-4
5.974012612663645E-4
5.974012612663645E-4
5.974012612663645E-4
5.974012612663645E-4
5.974012612663645E-4
5.974012612663645E-4
5.974012612663645E-4
5.974012612663645E-4
5.974012612663645E-4
5.974012612663645E-4
5.974012612663645E-4
5.974012612663645E-4
5.974012612663645E-4
5.974012612663645E-4
5.974012612663645E-4
5.974012612663645E-4
5.974012612663645E-4
5.974012612663645E-4
5.974012612663645E-4
5.974012612663645E-4
5.974012612663645E-4
5.974012612663645E-4
5.974012612663645E-4
5.974012612663645E-4
5.974012612663645E-4
5.974012612663645E-4
5.974012612663645E-4
5.974012612663645E-4
5.974012612663645E-4
5.974012612663645E-4
5.974012612663645E-4
5.974012612663645E-4
5.974012612663645E-4
5.974012612663645E-4
5.974012612663645E-4
5.974012612663645E-4
5.974012612663645E-4
5.974012612663645E-4
5.974012612663645E-4
5.974012612663645E-4
5.974012612663645E-4
5.974012612663645E-4
5.974012612663645E-4
5.974012612663645E-4
5.974012612663645E-4
5.974012612663645E-4
5.974012612663645E-4
5.974012612663645E-4
5.974012612663645E-4
5.974012612663645E-4
5.974012612663645E-4
5.974012612663645E-4
5.974012612663645E-4
5.974012612663645E-4
5.974012612663645E-4
5.974012612663645E-4
5.974012612663645E-4
5.974012612663645E-4
5.974012612663645E-4
5.974012612663645E-4
5.974012612663645E-4
