0.5100018216074669
0.4924106177843173
0.46651254294344735
0.44335752201846285
0.42228632757245926
0.40116006589719677
0.38210011397381516
0.36651840386116624
0.34994138521177226
0.33735708628563593
0.32446418894123435
0.3134548567384287
0.30359481178163983
0.2956319209196232
0.28563040136908596
0.27755732351182993
0.269144320674596
0.2627501806174217
0.2535961473216508
0.24609782336924568
0.23874421338315052
0.2334319142960756
0.22803745391326188
0.22279330065480385
0.21674708840869392
0.2125804585594486
0.2090978312230778
0.20535719616910048
0.2005063202523145
0.19605973111276367
0.1914124632764764
0.1880326301145443
0.18417035801533604
0.18025907202035543
0.17713327896509784
0.1734306066251788
0.17052229968646188
0.1671479247008597
0.16352069926749843
0.159986185771078
0.1579563512504467
0.15517815433932208
0.15276715789795003
0.1497051837922855
0.14742195677501493
0.14469469518193617
0.14179244390455017
0.139026464523327
0.13759884543383394
0.13483806043664104
0.13303089295494788
0.13179204014544546
0.13004400044902614
0.1285221864386363
0.12628336550944763
0.12474838399796359
0.12276480399941045
0.12071039733555154
0.11878289564810213
0.11698541175517345
0.1148943034710456
0.1128881604241814
0.1112289255332391
0.10937127545603445
0.10748672938611252
0.10581744830103018
0.10450348477298246
0.10332557290666132
0.1018958843720238
0.10061269064340313
0.09871199343841522
0.09694295980649958
0.09582914121084285
0.09459244009827836
0.09356046620749317
0.09242194468476564
0.09090451379801694
0.089793468558162
0.08870046022824761
0.08662923414501551
0.08612241589805505
0.08513649092663095
0.08364776803384832
0.08318680684495253
0.08242674148922825
0.08125471418568182
0.08080138312165973
0.07913779043959088
0.07807665707438248
0.07696343678157774
0.07657144791556048
0.07595756200591022
0.07489644611545815
0.07453141371851353
0.07317168776513269
0.07209804065668096
0.07146511629222067
0.07066101315935276
0.0702887969724606
0.06962257540643665
0.06890275418290083
0.06780331459306894
0.06682701697396765
0.06655195173733008
0.06604728824252816
0.06522541459183694
0.06433522617010456
0.06359222192772677
0.06299650320637139
0.062309326229508855
0.061776837113101425
0.061390130180542526
0.06108356682349138
0.06000338183072684
0.05930655301245787
0.05891948730657017
0.058217321789502174
0.05804251731817192
0.057273136374451215
0.05654982022447828
0.05628451647250761
0.05558343917116419
0.05512048451154919
0.05454929548732634
0.05380334533794416
0.05327884655422624
0.05260349653347686
0.052320370532643316
0.052320370532643316
0.051689091377126684
0.051665427683905724
0.051049369733353195
0.050806650086029234
0.05009144869388495
0.04965661994988911
0.04956974350733608
0.048684645852582586
0.048264101291787244
0.04786615694566475
0.047057762979934116
0.046946181330279044
0.04624628635628228
0.045525673493036815
0.045264178763025464
0.04451056614173917
0.04396815220929067
0.043558321381610726
0.04343025410956505
0.04266164480843257
0.042240467497162315
0.041735979180304784
0.04105162170581199
0.04067862912059747
0.04044864490570885
0.03993491092730989
0.0395346063870019
0.039356795179388476
0.039003512591009516
0.038522045633787555
0.03761997966124563
0.037384614281025984
0.037384614281025984
0.03717414789953539
0.03717414789953539
0.036416687977493735
0.03632357484297957
0.03632357484297957
0.036119936207354535
0.036066968703273215
0.03577668208086842
0.03577668208086842
0.03556723357418522
0.034569921625349116
0.034297025229908094
0.034021898940711615
0.03371391967878084
0.03338554864946192
0.03314710131860939
0.03289227707926656
0.032320006236544206
0.032253584804110114
0.032146832306184134
0.032042634418740494
0.0319033783550833
0.03175557907976729
0.03151342234473584
0.031042530082780465
0.030897892042606023
0.030741388261797495
0.03059635169373114
0.030019400339983963
0.029888264650251014
0.02947825723909463
0.029310660919966255
0.029027020138594123
0.029027020138594123
0.028613970658685175
0.02836014817099316
0.028261607737143268
0.028213124662468312
0.028213124662468312
0.027810792177681214
0.027810792177681214
0.027810792177681214
0.02750747874336866
0.026827123118410953
0.026827123118410953
0.026827123118410953
0.02654560232712623
0.02654560232712623
0.02654560232712623
0.026521196620827237
0.026478871489019413
0.026210935688299002
0.02605440187651544
0.02605440187651544
0.02605440187651544
0.025782872273177427
0.025782872273177427
0.02561465363447804
0.02516239931681545
0.02516239931681545
0.024863582431837172
0.024249284192481114
0.024041088800282343
0.023873254260975238
0.023873254260975238
0.023873254260975238
0.023428661905669657
0.02299219169077418
0.02267189673517561
0.02267189673517561
0.022106004032237305
0.02176311796412407
0.02176311796412407
0.021598787488917765
0.021598787488917765
0.021598787488917765
0.021598787488917765
0.021598787488917765
0.021386380685653156
0.021386380685653156
0.021222298940095228
0.021222298940095228
0.02113401471532421
0.02113401471532421
0.02113401471532421
0.02066023956235234
0.02066023956235234
0.02066023956235234
0.02066023956235234
0.020464266246866945
0.020260751137706225
0.020260751137706225
0.020260751137706225
0.020260751137706225
0.020260751137706225
0.019920347942344603
0.019920347942344603
0.019920347942344603
0.019920347942344603
0.019920347942344603
0.019920347942344603
0.019920347942344603
0.01975138989902414
0.019520170880648748
0.019520170880648748
0.019520170880648748
0.019331903747989494
0.019331903747989494
0.019331903747989494
0.019331903747989494
0.019331903747989494
0.019019053381678138
0.018842029660641992
0.018842029660641992
0.018842029660641992
0.018842029660641992
0.018842029660641992
0.018842029660641992
0.018842029660641992
0.018842029660641992
0.018342425475175117
0.018342425475175117
0.018342425475175117
0.018342425475175117
0.018342425475175117
0.018342425475175117
0.018342425475175117
0.018342425475175117
0.01804378858825125
0.01804378858825125
0.01804378858825125
0.01804378858825125
0.01804378858825125
0.017872470525724538
0.017872470525724538
0.017716605732188372
0.017716605732188372
0.017716605732188372
0.017716605732188372
0.017158245509736044
0.017158245509736044
0.017158245509736044
0.01693299945544127
0.01693299945544127
0.01693299945544127
0.01693299945544127
0.016705059826537874
0.016705059826537874
0.016705059826537874
0.016705059826537874
0.016705059826537874
0.016705059826537874
0.01650547513718582
0.01632341584579999
0.01632341584579999
0.01632341584579999
0.01632341584579999
0.01632341584579999
0.01632341584579999
0.01632341584579999
0.01632341584579999
0.01632341584579999
0.01632341584579999
0.015835465696628703
0.015835465696628703
0.015336187599763147
0.014969279033514837
0.01438698242448433
0.01438698242448433
0.014081427150630713
0.014081427150630713
0.013731204775728824
0.013731204775728824
0.013731204775728824
0.013731204775728824
0.013392187567851686
0.013392187567851686
0.013392187567851686
0.013141823756099265
0.013004813084340627
0.013004813084340627
0.013004813084340627
0.012790896415402939
0.012790896415402939
0.012790896415402939
0.012563083053429864
0.012563083053429864
0.012563083053429864
0.012563083053429864
0.012563083053429864
0.012563083053429864
0.012563083053429864
0.012563083053429864
0.012563083053429864
0.012563083053429864
0.012563083053429864
0.012563083053429864
0.012563083053429864
0.012563083053429864
0.012563083053429864
0.012563083053429864
0.012563083053429864
0.012563083053429864
0.012563083053429864
0.012563083053429864
0.012563083053429864
0.012563083053429864
0.012563083053429864
0.012563083053429864
0.012563083053429864
0.012563083053429864
0.012260203909912722
0.012260203909912722
0.012260203909912722
0.012260203909912722
0.012260203909912722
0.012260203909912722
0.012260203909912722
0.01177541376206729
0.01177541376206729
0.01177541376206729
0.011434941906786768
0.011434941906786768
0.011121938034079836
0.011121938034079836
0.011121938034079836
0.010832185947972235
0.010832185947972235
0.010832185947972235
0.010832185947972235
0.010832185947972235
0.010832185947972235
0.010832185947972235
0.010832185947972235
0.010832185947972235
0.010832185947972235
0.010832185947972235
0.010832185947972235
0.010832185947972235
0.010832185947972235
0.010832185947972235
0.010832185947972235
0.010832185947972235
0.010832185947972235
0.010468729974043411
0.010468729974043411
0.010468729974043411
0.010468729974043411
0.010468729974043411
0.010213323117834745
0.010213323117834745
0.010213323117834745
0.010213323117834745
0.010213323117834745
0.010213323117834745
0.010213323117834745
0.010213323117834745
0.010213323117834745
0.010213323117834745
0.00983547367433075
0.00983547367433075
0.00983547367433075
0.009571741048670087
0.009571741048670087
0.009227726438037036
0.008992038056802052
0.008992038056802052
0.008992038056802052
0.008992038056802052
0.008992038056802052
0.008992038056802052
0.008992038056802052
0.008992038056802052
0.008992038056802052
0.008992038056802052
0.008992038056802052
0.008758985198923869
0.008758985198923869
0.008758985198923869
0.008758985198923869
0.008758985198923869
0.008758985198923869
0.008758985198923869
0.008758985198923869
0.008758985198923869
0.008758985198923869
0.008758985198923869
0.008758985198923869
0.008758985198923869
0.008758985198923869
0.008758985198923869
0.008758985198923869
0.008758985198923869
0.008758985198923869
0.00848964314419891
0.00848964314419891
0.00848964314419891
0.00848964314419891
0.00848964314419891
0.00848964314419891
0.00848964314419891
0.00848964314419891
0.00848964314419891
0.00848964314419891
0.00848964314419891
0.008179114497377682
0.008179114497377682
0.008179114497377682
0.008179114497377682
0.008179114497377682
0.008179114497377682
0.008179114497377682
0.008179114497377682
0.007935686532311447
0.007935686532311447
0.007935686532311447
0.007935686532311447
0.007935686532311447
0.007935686532311447
0.007935686532311447
0.007935686532311447
0.007935686532311447
0.007935686532311447
0.007935686532311447
0.007935686532311447
0.007935686532311447
0.007935686532311447
0.007935686532311447
0.007935686532311447
0.007935686532311447
0.007935686532311447
0.007935686532311447
0.0077349612432630966
0.0077349612432630966
0.0077349612432630966
0.0077349612432630966
0.0077349612432630966
0.0077349612432630966
0.0077349612432630966
0.0077349612432630966
0.0077349612432630966
0.0077349612432630966
0.0077349612432630966
0.0077349612432630966
0.0077349612432630966
0.0077349612432630966
0.0077349612432630966
0.0077349612432630966
0.0077349612432630966
0.0077349612432630966
0.0077349612432630966
0.0077349612432630966
0.0077349612432630966
0.0077349612432630966
0.0077349612432630966
0.0077349612432630966
0.0077349612432630966
0.0077349612432630966
0.0074079136585320894
0.0074079136585320894
0.0074079136585320894
0.0074079136585320894
0.0074079136585320894
0.0074079136585320894
0.0074079136585320894
0.0074079136585320894
0.0074079136585320894
0.0074079136585320894
0.0074079136585320894
0.0074079136585320894
0.0074079136585320894
0.0074079136585320894
0.0074079136585320894
0.0074079136585320894
0.0074079136585320894
0.0074079136585320894
0.0074079136585320894
0.0074079136585320894
0.0074079136585320894
0.0074079136585320894
0.0074079136585320894
0.0074079136585320894
0.0074079136585320894
0.0074079136585320894
0.0074079136585320894
0.0074079136585320894
0.0074079136585320894
0.0074079136585320894
0.0074079136585320894
0.0074079136585320894
0.0074079136585320894
0.0074079136585320894
0.0074079136585320894
0.0074079136585320894
0.0074079136585320894
0.0074079136585320894
0.0074079136585320894
0.0074079136585320894
0.0074079136585320894
0.0074079136585320894
0.0074079136585320894
0.0074079136585320894
0.0074079136585320894
0.0074079136585320894
0.0074079136585320894
0.0074079136585320894
0.0074079136585320894
0.0074079136585320894
0.0074079136585320894
0.0074079136585320894
0.0074079136585320894
0.0074079136585320894
0.0074079136585320894
0.0074079136585320894
0.0074079136585320894
0.0074079136585320894
0.0074079136585320894
0.0074079136585320894
0.0074079136585320894
0.0074079136585320894
0.0074079136585320894
0.0074079136585320894
0.0074079136585320894
0.0074079136585320894
0.0074079136585320894
0.0074079136585320894
0.0074079136585320894
0.0074079136585320894
0.0074079136585320894
0.0074079136585320894
0.0074079136585320894
0.0074079136585320894
0.0074079136585320894
0.0074079136585320894
0.0074079136585320894
0.0074079136585320894
0.0074079136585320894
0.0074079136585320894
0.0074079136585320894
0.0074079136585320894
0.0074079136585320894
0.0074079136585320894
0.0074079136585320894
0.0074079136585320894
0.0074079136585320894
0.0074079136585320894
0.0074079136585320894
0.0074079136585320894
0.0074079136585320894
0.0074079136585320894
0.0074079136585320894
0.0074079136585320894
0.0074079136585320894
0.0074079136585320894
0.0074079136585320894
0.0074079136585320894
0.0074079136585320894
0.0074079136585320894
0.0074079136585320894
0.0074079136585320894
0.0074079136585320894
0.0074079136585320894
0.0074079136585320894
0.0074079136585320894
0.0074079136585320894
0.0074079136585320894
0.0074079136585320894
0.0074079136585320894
0.0074079136585320894
0.0074079136585320894
0.0074079136585320894
0.0074079136585320894
0.0074079136585320894
0.0074079136585320894
0.0074079136585320894
0.0074079136585320894
0.0074079136585320894
0.0074079136585320894
0.0074079136585320894
0.0074079136585320894
0.0074079136585320894
0.0074079136585320894
0.0074079136585320894
0.0074079136585320894
0.0074079136585320894
0.0074079136585320894
0.0074079136585320894
0.0074079136585320894
0.0074079136585320894
0.00707455666128915
0.00707455666128915
0.00707455666128915
0.00707455666128915
0.00707455666128915
0.00707455666128915
0.00707455666128915
0.00707455666128915
0.00707455666128915
0.00707455666128915
0.00707455666128915
0.00707455666128915
0.00707455666128915
0.00707455666128915
0.00707455666128915
0.00707455666128915
0.00707455666128915
0.00707455666128915
0.00707455666128915
0.00707455666128915
0.00707455666128915
0.00707455666128915
0.00707455666128915
0.00707455666128915
0.00707455666128915
0.00707455666128915
0.00707455666128915
0.00707455666128915
0.00707455666128915
0.00707455666128915
0.00707455666128915
0.00707455666128915
0.00707455666128915
0.00707455666128915
0.00707455666128915
0.00707455666128915
0.00707455666128915
0.00707455666128915
0.00707455666128915
0.00707455666128915
0.00707455666128915
0.00707455666128915
0.00707455666128915
0.00707455666128915
0.00707455666128915
0.00707455666128915
0.00707455666128915
0.00707455666128915
0.00707455666128915
0.00707455666128915
0.0066105734835267965
0.0066105734835267965
0.0066105734835267965
0.0066105734835267965
0.0066105734835267965
0.0066105734835267965
0.0066105734835267965
0.0066105734835267965
0.0066105734835267965
0.0066105734835267965
0.0066105734835267965
0.0066105734835267965
0.0066105734835267965
0.0066105734835267965
0.0066105734835267965
0.0066105734835267965
0.0066105734835267965
0.0066105734835267965
0.0066105734835267965
0.0066105734835267965
0.0066105734835267965
0.0066105734835267965
0.0066105734835267965
0.0066105734835267965
0.0066105734835267965
0.0066105734835267965
0.0066105734835267965
0.0066105734835267965
0.0066105734835267965
0.0066105734835267965
0.0066105734835267965
0.0066105734835267965
0.0066105734835267965
0.0066105734835267965
0.0066105734835267965
0.0066105734835267965
0.0066105734835267965
0.0066105734835267965
0.0066105734835267965
0.0066105734835267965
0.0066105734835267965
0.0066105734835267965
0.0066105734835267965
0.0066105734835267965
0.0066105734835267965
0.0066105734835267965
0.0066105734835267965
0.006194663042675405
0.006194663042675405
0.006194663042675405
0.006194663042675405
0.006194663042675405
0.006194663042675405
0.006194663042675405
0.006194663042675405
0.006194663042675405
0.006194663042675405
0.006194663042675405
0.006194663042675405
0.006194663042675405
0.006194663042675405
0.006194663042675405
0.006194663042675405
0.006194663042675405
0.006194663042675405
0.006194663042675405
0.006194663042675405
0.006194663042675405
0.006194663042675405
0.006194663042675405
0.006194663042675405
0.006194663042675405
0.006194663042675405
0.006194663042675405
0.005756524461798047
0.005756524461798047
0.005756524461798047
0.005756524461798047
0.005756524461798047
0.005756524461798047
0.005756524461798047
0.005756524461798047
0.005756524461798047
0.005756524461798047
0.005756524461798047
0.005756524461798047
0.005756524461798047
0.005095769888514286
0.005095769888514286
0.005095769888514286
0.005095769888514286
0.005095769888514286
0.005095769888514286
0.005095769888514286
0.005095769888514286
0.005095769888514286
0.005095769888514286
0.005095769888514286
0.005095769888514286
0.005095769888514286
0.005095769888514286
0.005095769888514286
0.005095769888514286
0.005095769888514286
0.005095769888514286
0.005095769888514286
0.0045735526928759465
0.0045735526928759465
0.0045735526928759465
0.0045735526928759465
0.0045735526928759465
0.0045735526928759465
0.0045735526928759465
0.0045735526928759465
0.0045735526928759465
0.0045735526928759465
0.0045735526928759465
0.0045735526928759465
0.0045735526928759465
0.0045735526928759465
0.0045735526928759465
0.0045735526928759465
0.0045735526928759465
0.0045735526928759465
0.0045735526928759465
0.0045735526928759465
0.0045735526928759465
0.0045735526928759465
0.0045735526928759465
0.0045735526928759465
0.0045735526928759465
0.0045735526928759465
0.0045735526928759465
0.0045735526928759465
0.0045735526928759465
0.0045735526928759465
0.0045735526928759465
0.0045735526928759465
0.0045735526928759465
0.0045735526928759465
0.0045735526928759465
0.0045735526928759465
0.0045735526928759465
0.0045735526928759465
0.0045735526928759465
0.0045735526928759465
0.0045735526928759465
0.0045735526928759465
0.0045735526928759465
0.0045735526928759465
0.0045735526928759465
0.0045735526928759465
0.0045735526928759465
0.0045735526928759465
0.0045735526928759465
0.0045735526928759465
0.0045735526928759465
0.0045735526928759465
0.0045735526928759465
0.0045735526928759465
0.0045735526928759465
0.0045735526928759465
0.0045735526928759465
0.0045735526928759465
0.0045735526928759465
0.0045735526928759465
0.0045735526928759465
0.0045735526928759465
0.0045735526928759465
0.0045735526928759465
0.0045735526928759465
0.0045735526928759465
0.0045735526928759465
0.0045735526928759465
0.0045735526928759465
0.0045735526928759465
0.0045735526928759465
0.0045735526928759465
0.0045735526928759465
0.0045735526928759465
0.0045735526928759465
0.0045735526928759465
0.0045735526928759465
0.0045735526928759465
0.0045735526928759465
0.0045735526928759465
0.0045735526928759465
0.0045735526928759465
0.0045735526928759465
0.0045735526928759465
0.0045735526928759465
0.0045735526928759465
0.0045735526928759465
0.0045735526928759465
0.0045735526928759465
0.0045735526928759465
0.0045735526928759465
0.0045735526928759465
0.0045735526928759465
0.0045735526928759465
0.0045735526928759465
0.0045735526928759465
0.0045735526928759465
0.0045735526928759465
0.0045735526928759465
0.0045735526928759465
0.0045735526928759465
0.0045735526928759465
0.0045735526928759465
0.0045735526928759465
0.0045735526928759465
0.0045735526928759465
0.0045735526928759465
0.0045735526928759465
0.0045735526928759465
0.0045735526928759465
0.0045735526928759465
0.0045735526928759465
0.0045735526928759465
0.0045735526928759465
0.0045735526928759465
0.0045735526928759465
0.0045735526928759465
0.0045735526928759465
0.0045735526928759465
0.0045735526928759465
0.0045735526928759465
0.0045735526928759465
0.0045735526928759465
0.0045735526928759465
0.0045735526928759465
0.0045735526928759465
0.0045735526928759465
0.0045735526928759465
0.0045735526928759465
0.0045735526928759465
0.0045735526928759465
0.0045735526928759465
0.0045735526928759465
0.0045735526928759465
0.0045735526928759465
0.0045735526928759465
0.0045735526928759465
0.0045735526928759465
0.0045735526928759465
0.0045735526928759465
0.0045735526928759465
0.0045735526928759465
0.0045735526928759465
0.0045735526928759465
0.0045735526928759465
0.0045735526928759465
0.0045735526928759465
0.0045735526928759465
0.0045735526928759465
0.0045735526928759465
0.0045735526928759465
0.0045735526928759465
0.0045735526928759465
0.0045735526928759465
0.0045735526928759465
0.0045735526928759465
0.0045735526928759465
0.0045735526928759465
0.0045735526928759465
0.0045735526928759465
0.0045735526928759465
0.0045735526928759465
0.0045735526928759465
0.0045735526928759465
0.0045735526928759465
0.0045735526928759465
0.0045735526928759465
0.0045735526928759465
0.0045735526928759465
0.0045735526928759465
0.0045735526928759465
0.0045735526928759465
0.0045735526928759465
0.0045735526928759465
0.0045735526928759465
0.0045735526928759465
0.0045735526928759465
0.0045735526928759465
0.0045735526928759465
0.0045735526928759465
0.0045735526928759465
0.0045735526928759465
0.0045735526928759465
0.0045735526928759465
0.0045735526928759465
0.0045735526928759465
0.0045735526928759465
0.0045735526928759465
0.0045735526928759465
0.0045735526928759465
0.0045735526928759465
0.0045735526928759465
0.0045735526928759465
0.0045735526928759465
0.0045735526928759465
0.0045735526928759465
0.0045735526928759465
0.0045735526928759465
0.0045735526928759465
0.004193828492678907
0.004193828492678907
0.004193828492678907
0.004193828492678907
0.004193828492678907
0.004193828492678907
0.004193828492678907
0.004193828492678907
0.004193828492678907
0.004193828492678907
0.004193828492678907
0.004193828492678907
0.004193828492678907
0.004193828492678907
0.004193828492678907
0.004193828492678907
0.004193828492678907
0.004193828492678907
0.004193828492678907
0.004193828492678907
0.004193828492678907
0.004193828492678907
0.004193828492678907
0.004193828492678907
0.004193828492678907
0.004193828492678907
0.003935439909645545
0.003935439909645545
0.003935439909645545
0.003935439909645545
0.003935439909645545
0.003935439909645545
0.003935439909645545
0.003935439909645545
0.003935439909645545
0.003935439909645545
0.003935439909645545
0.003935439909645545
0.003935439909645545
0.003935439909645545
0.003935439909645545
0.003935439909645545
0.003935439909645545
0.003935439909645545
0.003935439909645545
0.003935439909645545
0.003935439909645545
0.003935439909645545
0.003935439909645545
0.003935439909645545
0.003935439909645545
0.003935439909645545
0.003935439909645545
0.003935439909645545
0.003935439909645545
0.003935439909645545
0.003935439909645545
0.003935439909645545
0.003935439909645545
0.003935439909645545
0.003935439909645545
0.003935439909645545
0.003935439909645545
0.003935439909645545
0.003935439909645545
0.003935439909645545
0.003935439909645545
0.003935439909645545
0.003935439909645545
0.003935439909645545
0.003935439909645545
0.003935439909645545
0.003935439909645545
0.003935439909645545
0.003935439909645545
0.003935439909645545
0.003935439909645545
0.003935439909645545
0.003935439909645545
0.003935439909645545
0.003935439909645545
0.003935439909645545
0.003935439909645545
0.003935439909645545
0.003935439909645545
0.003935439909645545
0.003935439909645545
0.003935439909645545
0.003935439909645545
0.003935439909645545
0.003935439909645545
0.003935439909645545
0.003935439909645545
0.003935439909645545
0.003935439909645545
0.003935439909645545
0.003935439909645545
0.003935439909645545
0.003935439909645545
0.003935439909645545
0.003935439909645545
0.003935439909645545
0.003935439909645545
0.003935439909645545
0.003935439909645545
0.003935439909645545
0.003935439909645545
0.003935439909645545
0.0034389083123833103
0.0034389083123833103
0.0034389083123833103
0.0034389083123833103
0.0034389083123833103
0.0034389083123833103
0.0034389083123833103
0.0034389083123833103
0.0034389083123833103
0.0034389083123833103
0.0034389083123833103
0.0034389083123833103
0.0034389083123833103
0.0034389083123833103
0.0034389083123833103
0.0034389083123833103
0.0034389083123833103
0.0034389083123833103
0.0034389083123833103
0.0034389083123833103
0.0034389083123833103
0.0034389083123833103
0.0034389083123833103
0.0034389083123833103
0.0034389083123833103
0.0034389083123833103
0.0034389083123833103
0.0034389083123833103
0.0034389083123833103
0.0034389083123833103
0.0030573972195352007
0.0030573972195352007
0.0030573972195352007
0.0030573972195352007
0.0030573972195352007
0.0030573972195352007
0.0030573972195352007
0.0030573972195352007
0.0030573972195352007
0.0030573972195352007
0.0030573972195352007
0.0025472424505666074
0.0025472424505666074
0.0025472424505666074
0.0025472424505666074
0.0025472424505666074
0.0025472424505666074
0.0025472424505666074
0.0025472424505666074
0.0025472424505666074
0.0025472424505666074
0.0025472424505666074
0.0025472424505666074
0.0025472424505666074
0.0025472424505666074
0.0025472424505666074
0.0025472424505666074
0.0025472424505666074
0.0025472424505666074
0.0025472424505666074
0.0025472424505666074
0.0025472424505666074
0.0025472424505666074
0.0025472424505666074
0.0025472424505666074
0.0025472424505666074
0.0025472424505666074
0.0025472424505666074
0.0025472424505666074
0.0025472424505666074
0.0025472424505666074
0.0025472424505666074
0.0025472424505666074
0.0025472424505666074
0.0025472424505666074
0.0025472424505666074
0.0025472424505666074
0.0025472424505666074
0.0025472424505666074
0.0025472424505666074
0.0025472424505666074
0.0025472424505666074
0.0025472424505666074
0.0025472424505666074
0.0025472424505666074
0.002105055431421681
0.002105055431421681
0.002105055431421681
0.002105055431421681
0.002105055431421681
0.002105055431421681
0.002105055431421681
0.002105055431421681
0.002105055431421681
0.002105055431421681
0.002105055431421681
0.002105055431421681
0.002105055431421681
0.002105055431421681
0.002105055431421681
0.002105055431421681
0.002105055431421681
0.002105055431421681
0.002105055431421681
0.002105055431421681
0.002105055431421681
0.002105055431421681
0.002105055431421681
0.002105055431421681
0.002105055431421681
0.002105055431421681
0.002105055431421681
0.002105055431421681
0.002105055431421681
0.002105055431421681
0.002105055431421681
0.002105055431421681
0.002105055431421681
0.002105055431421681
0.002105055431421681
0.002105055431421681
0.002105055431421681
0.002105055431421681
0.002105055431421681
0.002105055431421681
0.002105055431421681
0.002105055431421681
0.002105055431421681
0.002105055431421681
0.002105055431421681
0.002105055431421681
0.002105055431421681
0.002105055431421681
0.002105055431421681
0.002105055431421681
0.002105055431421681
0.002105055431421681
0.002105055431421681
0.002105055431421681
0.002105055431421681
0.002105055431421681
0.002105055431421681
0.002105055431421681
0.002105055431421681
0.002105055431421681
0.002105055431421681
0.002105055431421681
0.002105055431421681
0.002105055431421681
0.002105055431421681
0.002105055431421681
0.002105055431421681
0.002105055431421681
0.002105055431421681
0.002105055431421681
0.002105055431421681
0.002105055431421681
0.002105055431421681
0.002105055431421681
0.002105055431421681
0.002105055431421681
0.002105055431421681
0.002105055431421681
0.002105055431421681
0.002105055431421681
0.002105055431421681
0.002105055431421681
0.002105055431421681
0.002105055431421681
0.002105055431421681
0.002105055431421681
0.002105055431421681
0.002105055431421681
0.002105055431421681
0.002105055431421681
0.002105055431421681
0.002105055431421681
0.002105055431421681
0.002105055431421681
0.002105055431421681
0.002105055431421681
0.002105055431421681
0.002105055431421681
0.002105055431421681
0.002105055431421681
0.001672819404397167
0.001672819404397167
0.001672819404397167
0.001672819404397167
0.001672819404397167
0.001672819404397167
0.001672819404397167
0.001672819404397167
0.001672819404397167
0.001672819404397167
0.001672819404397167
0.001672819404397167
0.001672819404397167
0.001672819404397167
0.001672819404397167
0.001672819404397167
0.001672819404397167
0.001672819404397167
0.001672819404397167
0.001672819404397167
0.001672819404397167
0.001672819404397167
0.001672819404397167
0.001672819404397167
0.001672819404397167
0.001672819404397167
0.001672819404397167
0.001672819404397167
0.001672819404397167
0.001672819404397167
0.001672819404397167
0.001672819404397167
0.001672819404397167
0.001672819404397167
0.001672819404397167
0.001672819404397167
0.001672819404397167
0.001672819404397167
0.001672819404397167
0.001672819404397167
0.001672819404397167
0.001672819404397167
0.001672819404397167
0.001672819404397167
0.001672819404397167
0.001672819404397167
0.001672819404397167
0.001672819404397167
0.001672819404397167
0.001672819404397167
0.001672819404397167
0.001672819404397167
0.001672819404397167
0.001672819404397167
0.001672819404397167
0.001672819404397167
0.001672819404397167
0.001672819404397167
0.001672819404397167
0.001672819404397167
0.001672819404397167
0.001672819404397167
0.001672819404397167
0.001672819404397167
0.001672819404397167
0.001672819404397167
0.001672819404397167
0.001672819404397167
0.001672819404397167
0.001672819404397167
0.001672819404397167
0.001672819404397167
0.001672819404397167
0.001672819404397167
0.001672819404397167
0.001672819404397167
0.001672819404397167
0.001672819404397167
0.001672819404397167
0.001672819404397167
0.001672819404397167
0.001672819404397167
0.001672819404397167
0.001672819404397167
0.001672819404397167
0.001672819404397167
0.001672819404397167
0.001672819404397167
0.001672819404397167
0.001672819404397167
0.001672819404397167
0.001672819404397167
0.001672819404397167
0.001672819404397167
0.001672819404397167
0.001672819404397167
0.001672819404397167
0.001672819404397167
0.001672819404397167
0.001672819404397167
0.001672819404397167
0.001672819404397167
0.001672819404397167
0.001672819404397167
0.001672819404397167
0.001672819404397167
0.001672819404397167
0.001672819404397167
0.001672819404397167
0.001672819404397167
0.001672819404397167
0.001672819404397167
0.001672819404397167
0.001672819404397167
0.001672819404397167
0.001672819404397167
0.001672819404397167
0.001672819404397167
0.001672819404397167
0.001672819404397167
0.001672819404397167
0.001672819404397167
0.001672819404397167
0.001672819404397167
0.001672819404397167
0.001672819404397167
0.001672819404397167
0.001672819404397167
0.001672819404397167
0.001672819404397167
0.001672819404397167
0.001672819404397167
0.001672819404397167
0.001672819404397167
0.001672819404397167
0.001672819404397167
0.001672819404397167
0.001672819404397167
0.001672819404397167
0.001672819404397167
0.001672819404397167
0.001672819404397167
0.001672819404397167
0.001672819404397167
0.001672819404397167
0.001672819404397167
0.001672819404397167
0.001672819404397167
0.001672819404397167
0.001672819404397167
0.001672819404397167
0.001672819404397167
0.001672819404397167
0.001672819404397167
0.001672819404397167
0.001672819404397167
0.001672819404397167
0.001672819404397167
0.001672819404397167
0.001672819404397167
0.001672819404397167
0.001672819404397167
0.001672819404397167
0.001672819404397167
0.001672819404397167
0.001672819404397167
0.001672819404397167
0.001672819404397167
0.001672819404397167
0.001672819404397167
0.001672819404397167
0.001672819404397167
0.001672819404397167
0.001672819404397167
0.001672819404397167
0.001672819404397167
0.001672819404397167
0.001672819404397167
0.001672819404397167
0.001672819404397167
0.001672819404397167
0.001672819404397167
0.001672819404397167
0.001672819404397167
0.001672819404397167
0.001672819404397167
0.001672819404397167
0.001672819404397167
0.001672819404397167
0.001672819404397167
0.001672819404397167
0.001672819404397167
0.001672819404397167
0.001672819404397167
0.001672819404397167
0.001672819404397167
0.001672819404397167
0.001672819404397167
0.001672819404397167
0.001672819404397167
0.001672819404397167
0.001672819404397167
0.001672819404397167
0.001672819404397167
0.001672819404397167
0.001672819404397167
0.001672819404397167
0.001672819404397167
0.001672819404397167
0.001672819404397167
0.001672819404397167
0.001672819404397167
0.001672819404397167
0.001672819404397167
0.001672819404397167
0.001672819404397167
0.001672819404397167
0.001672819404397167
0.001672819404397167
0.001672819404397167
0.001672819404397167
0.001672819404397167
0.001672819404397167
0.001672819404397167
0.001672819404397167
0.001672819404397167
0.001672819404397167
0.001672819404397167
0.001672819404397167
0.001672819404397167
0.001672819404397167
0.001672819404397167
0.001672819404397167
0.001672819404397167
0.001672819404397167
0.001672819404397167
0.001672819404397167
0.001672819404397167
0.001672819404397167
0.001672819404397167
0.001672819404397167
0.001672819404397167
0.001672819404397167
0.001672819404397167
0.001672819404397167
0.001672819404397167
0.001672819404397167
0.001672819404397167
0.001672819404397167
0.001672819404397167
0.001672819404397167
0.001672819404397167
0.001672819404397167
0.001672819404397167
0.001672819404397167
0.001672819404397167
0.001672819404397167
0.001672819404397167
0.001672819404397167
0.001672819404397167
0.001672819404397167
0.001672819404397167
0.001672819404397167
0.001672819404397167
0.001672819404397167
0.001672819404397167
0.001672819404397167
0.001672819404397167
0.001672819404397167
0.001672819404397167
0.001672819404397167
0.001672819404397167
0.001672819404397167
0.001672819404397167
0.001672819404397167
0.001672819404397167
0.001672819404397167
0.001672819404397167
0.001672819404397167
0.001672819404397167
0.001672819404397167
0.001672819404397167
0.001672819404397167
0.001672819404397167
0.001672819404397167
0.001672819404397167
0.001672819404397167
0.001672819404397167
0.001672819404397167
0.001672819404397167
0.001672819404397167
0.001672819404397167
0.001672819404397167
0.001672819404397167
0.001672819404397167
0.001672819404397167
0.001672819404397167
0.001672819404397167
0.001672819404397167
0.001672819404397167
0.001672819404397167
0.001672819404397167
0.001672819404397167
0.001672819404397167
0.001672819404397167
0.001672819404397167
0.001672819404397167
0.001672819404397167
0.001672819404397167
0.001672819404397167
0.001672819404397167
0.001672819404397167
0.001672819404397167
0.001672819404397167
0.001672819404397167
0.001672819404397167
0.001672819404397167
0.001672819404397167
0.001672819404397167
0.001672819404397167
0.001672819404397167
0.001672819404397167
0.001672819404397167
0.001672819404397167
0.001672819404397167
0.001672819404397167
0.001672819404397167
0.001672819404397167
0.001672819404397167
0.001672819404397167
0.001672819404397167
0.001672819404397167
0.001672819404397167
0.001672819404397167
0.001672819404397167
0.001672819404397167
0.001672819404397167
0.001672819404397167
0.001672819404397167
0.001672819404397167
0.001672819404397167
0.001672819404397167
0.0011430518756352693
0.0011430518756352693
0.0011430518756352693
0.0011430518756352693
0.0011430518756352693
0.0011430518756352693
0.0011430518756352693
0.0011430518756352693
0.0011430518756352693
0.0011430518756352693
0.0011430518756352693
0.0011430518756352693
0.0011430518756352693
0.0011430518756352693
0.0011430518756352693
0.0011430518756352693
0.0011430518756352693
0.0011430518756352693
0.0011430518756352693
0.0011430518756352693
0.0011430518756352693
0.0011430518756352693
0.0011430518756352693
0.0011430518756352693
0.0011430518756352693
0.0011430518756352693
0.0011430518756352693
0.0011430518756352693
0.0011430518756352693
0.0011430518756352693
0.0011430518756352693
0.0011430518756352693
0.0011430518756352693
0.0011430518756352693
0.0011430518756352693
0.0011430518756352693
0.0011430518756352693
0.0011430518756352693
0.0011430518756352693
0.0011430518756352693
0.0011430518756352693
0.0011430518756352693
0.0011430518756352693
0.0011430518756352693
0.0011430518756352693
0.0011430518756352693
0.0011430518756352693
0.0011430518756352693
0.0011430518756352693
0.0011430518756352693
0.0011430518756352693
0.0011430518756352693
0.0011430518756352693
0.0011430518756352693
0.0011430518756352693
0.0011430518756352693
0.0011430518756352693
0.0011430518756352693
0.0011430518756352693
0.0011430518756352693
0.0011430518756352693
0.0011430518756352693
0.0011430518756352693
0.0011430518756352693
0.0011430518756352693
0.0011430518756352693
0.0011430518756352693
0.0011430518756352693
0.0011430518756352693
0.0011430518756352693
0.0011430518756352693
0.0011430518756352693
0.0011430518756352693
0.0011430518756352693
0.0011430518756352693
0.0011430518756352693
0.0011430518756352693
0.0011430518756352693
0.0011430518756352693
0.0011430518756352693
0.0011430518756352693
0.0011430518756352693
0.0011430518756352693
0.0011430518756352693
0.0011430518756352693
0.0011430518756352693
0.0011430518756352693
0.0011430518756352693
0.0011430518756352693
0.0011430518756352693
0.0011430518756352693
0.0011430518756352693
0.0011430518756352693
0.0011430518756352693
0.0011430518756352693
0.0011430518756352693
0.0011430518756352693
0.0011430518756352693
0.0011430518756352693
0.0011430518756352693
0.0011430518756352693
0.0011430518756352693
0.0011430518756352693
0.0011430518756352693
0.0011430518756352693
0.0011430518756352693
0.0011430518756352693
0.0011430518756352693
0.0011430518756352693
0.0011430518756352693
0.0011430518756352693
0.0011430518756352693
0.0011430518756352693
0.0011430518756352693
0.0011430518756352693
0.0011430518756352693
0.0011430518756352693
0.0011430518756352693
0.0011430518756352693
0.0011430518756352693
0.0011430518756352693
0.0011430518756352693
0.0011430518756352693
0.0011430518756352693
0.0011430518756352693
0.0011430518756352693
0.0011430518756352693
0.0011430518756352693
0.0011430518756352693
0.0011430518756352693
0.0011430518756352693
0.0011430518756352693
0.0011430518756352693
0.0011430518756352693
6.028461223048921E-4
6.028461223048921E-4
6.028461223048921E-4
6.028461223048921E-4
6.028461223048921E-4
6.028461223048921E-4
6.028461223048921E-4
6.028461223048921E-4
6.028461223048921E-4
6.028461223048921E-4
6.028461223048921E-4
6.028461223048921E-4
6.028461223048921E-4
6.028461223048921E-4
6.028461223048921E-4
6.028461223048921E-4
6.028461223048921E-4
6.028461223048921E-4
6.028461223048921E-4
6.028461223048921E-4
6.028461223048921E-4
6.028461223048921E-4
6.028461223048921E-4
6.028461223048921E-4
6.028461223048921E-4
6.028461223048921E-4
6.028461223048921E-4
6.028461223048921E-4
6.028461223048921E-4
6.028461223048921E-4
6.028461223048921E-4
6.028461223048921E-4
6.028461223048921E-4
6.028461223048921E-4
6.028461223048921E-4
6.028461223048921E-4
6.028461223048921E-4
6.028461223048921E-4
6.028461223048921E-4
6.028461223048921E-4
6.028461223048921E-4
6.028461223048921E-4
6.028461223048921E-4
6.028461223048921E-4
6.028461223048921E-4
6.028461223048921E-4
6.028461223048921E-4
6.028461223048921E-4
6.028461223048921E-4
6.028461223048921E-4
6.028461223048921E-4
6.028461223048921E-4
6.028461223048921E-4
6.028461223048921E-4
6.028461223048921E-4
6.028461223048921E-4
6.028461223048921E-4
6.028461223048921E-4
6.028461223048921E-4
6.028461223048921E-4
6.028461223048921E-4
6.028461223048921E-4
6.028461223048921E-4
6.028461223048921E-4
6.028461223048921E-4
6.028461223048921E-4
6.028461223048921E-4
6.028461223048921E-4
6.028461223048921E-4
6.028461223048921E-4
6.028461223048921E-4
6.028461223048921E-4
6.028461223048921E-4
6.028461223048921E-4
6.028461223048921E-4
6.028461223048921E-4
6.028461223048921E-4
6.028461223048921E-4
6.028461223048921E-4
6.028461223048921E-4
6.028461223048921E-4
6.028461223048921E-4
6.028461223048921E-4
6.028461223048921E-4
6.028461223048921E-4
6.028461223048921E-4
6.028461223048921E-4
6.028461223048921E-4
6.028461223048921E-4
6.028461223048921E-4
6.028461223048921E-4
6.028461223048921E-4
6.028461223048921E-4
6.028461223048921E-4
6.028461223048921E-4
6.028461223048921E-4
6.028461223048921E-4
6.028461223048921E-4
6.028461223048921E-4
6.028461223048921E-4
6.028461223048921E-4
6.028461223048921E-4
6.028461223048921E-4
6.028461223048921E-4
6.028461223048921E-4
6.028461223048921E-4
6.028461223048921E-4
6.028461223048921E-4
6.028461223048921E-4
6.028461223048921E-4
6.028461223048921E-4
6.028461223048921E-4
6.028461223048921E-4
6.028461223048921E-4
6.028461223048921E-4
6.028461223048921E-4
6.028461223048921E-4
6.028461223048921E-4
6.028461223048921E-4
6.028461223048921E-4
6.028461223048921E-4
6.028461223048921E-4
6.028461223048921E-4
6.028461223048921E-4
6.028461223048921E-4
6.028461223048921E-4
6.028461223048921E-4
6.028461223048921E-4
6.028461223048921E-4
6.028461223048921E-4
6.028461223048921E-4
6.028461223048921E-4
6.028461223048921E-4
6.028461223048921E-4
6.028461223048921E-4
6.028461223048921E-4
6.028461223048921E-4
6.028461223048921E-4
6.028461223048921E-4
6.028461223048921E-4
6.028461223048921E-4
6.028461223048921E-4
6.028461223048921E-4
6.028461223048921E-4
6.028461223048921E-4
6.028461223048921E-4
6.028461223048921E-4
6.028461223048921E-4
6.028461223048921E-4
6.028461223048921E-4
6.028461223048921E-4
6.028461223048921E-4
6.028461223048921E-4
6.028461223048921E-4
6.028461223048921E-4
6.028461223048921E-4
6.028461223048921E-4
6.028461223048921E-4
6.028461223048921E-4
6.028461223048921E-4
6.028461223048921E-4
6.028461223048921E-4
6.028461223048921E-4
6.028461223048921E-4
6.028461223048921E-4
6.028461223048921E-4
6.028461223048921E-4
6.028461223048921E-4
6.028461223048921E-4
6.028461223048921E-4
6.028461223048921E-4
6.028461223048921E-4
6.028461223048921E-4
6.028461223048921E-4
6.028461223048921E-4
6.028461223048921E-4
6.028461223048921E-4
6.028461223048921E-4
6.028461223048921E-4
6.028461223048921E-4
6.028461223048921E-4
6.028461223048921E-4
6.028461223048921E-4
6.028461223048921E-4
6.028461223048921E-4
6.028461223048921E-4
6.028461223048921E-4
6.028461223048921E-4
6.028461223048921E-4
6.028461223048921E-4
6.028461223048921E-4
6.028461223048921E-4
6.028461223048921E-4
6.028461223048921E-4
6.028461223048921E-4
6.028461223048921E-4
6.028461223048921E-4
6.028461223048921E-4
6.028461223048921E-4
6.028461223048921E-4
6.028461223048921E-4
6.028461223048921E-4
6.028461223048921E-4
6.028461223048921E-4
6.028461223048921E-4
6.028461223048921E-4
6.028461223048921E-4
6.028461223048921E-4
6.028461223048921E-4
6.028461223048921E-4
6.028461223048921E-4
6.028461223048921E-4
6.028461223048921E-4
6.028461223048921E-4
6.028461223048921E-4
6.028461223048921E-4
6.028461223048921E-4
6.028461223048921E-4
6.028461223048921E-4
6.028461223048921E-4
6.028461223048921E-4
6.028461223048921E-4
6.028461223048921E-4
6.028461223048921E-4
6.028461223048921E-4
6.028461223048921E-4
6.028461223048921E-4
6.028461223048921E-4
6.028461223048921E-4
6.028461223048921E-4
6.028461223048921E-4
6.028461223048921E-4
6.028461223048921E-4
6.028461223048921E-4
6.028461223048921E-4
6.028461223048921E-4
6.028461223048921E-4
6.028461223048921E-4
6.028461223048921E-4
6.028461223048921E-4
6.028461223048921E-4
6.028461223048921E-4
6.028461223048921E-4
6.028461223048921E-4
6.028461223048921E-4
6.028461223048921E-4
6.028461223048921E-4
6.028461223048921E-4
6.028461223048921E-4
6.028461223048921E-4
6.028461223048921E-4
6.028461223048921E-4
6.028461223048921E-4
6.028461223048921E-4
6.028461223048921E-4
6.028461223048921E-4
6.028461223048921E-4
6.028461223048921E-4
6.028461223048921E-4
6.028461223048921E-4
6.028461223048921E-4
6.028461223048921E-4
6.028461223048921E-4
6.028461223048921E-4
6.028461223048921E-4
6.028461223048921E-4
6.028461223048921E-4
6.028461223048921E-4
6.028461223048921E-4
6.028461223048921E-4
6.028461223048921E-4
6.028461223048921E-4
6.028461223048921E-4
6.028461223048921E-4
6.028461223048921E-4
6.028461223048921E-4
6.028461223048921E-4
6.028461223048921E-4
6.028461223048921E-4
6.028461223048921E-4
6.028461223048921E-4
6.028461223048921E-4
6.028461223048921E-4
6.028461223048921E-4
6.028461223048921E-4
6.028461223048921E-4
6.028461223048921E-4
6.028461223048921E-4
6.028461223048921E-4
6.028461223048921E-4
6.028461223048921E-4
6.028461223048921E-4
6.028461223048921E-4
6.028461223048921E-4
6.028461223048921E-4
6.028461223048921E-4
6.028461223048921E-4
6.028461223048921E-4
6.028461223048921E-4
6.028461223048921E-4
6.028461223048921E-4
6.028461223048921E-4
6.028461223048921E-4
6.028461223048921E-4
6.028461223048921E-4
6.028461223048921E-4
6.028461223048921E-4
6.028461223048921E-4
6.028461223048921E-4
6.028461223048921E-4
6.028461223048921E-4
6.028461223048921E-4
6.028461223048921E-4
6.028461223048921E-4
6.028461223048921E-4
6.028461223048921E-4
6.028461223048921E-4
6.028461223048921E-4
6.028461223048921E-4
6.028461223048921E-4
6.028461223048921E-4
6.028461223048921E-4
6.028461223048921E-4
6.028461223048921E-4
6.028461223048921E-4
6.028461223048921E-4
6.028461223048921E-4
6.028461223048921E-4
6.028461223048921E-4
6.028461223048921E-4
6.028461223048921E-4
6.028461223048921E-4
6.028461223048921E-4
6.028461223048921E-4
6.028461223048921E-4
6.028461223048921E-4
6.028461223048921E-4
6.028461223048921E-4
6.028461223048921E-4
6.028461223048921E-4
6.028461223048921E-4
6.028461223048921E-4
6.028461223048921E-4
6.028461223048921E-4
6.028461223048921E-4
6.028461223048921E-4
6.028461223048921E-4
6.028461223048921E-4
6.028461223048921E-4
6.028461223048921E-4
6.028461223048921E-4
6.028461223048921E-4
6.028461223048921E-4
6.028461223048921E-4
6.028461223048921E-4
6.028461223048921E-4
6.028461223048921E-4
6.028461223048921E-4
6.028461223048921E-4
6.028461223048921E-4
6.028461223048921E-4
6.028461223048921E-4
6.028461223048921E-4
6.028461223048921E-4
6.028461223048921E-4
6.028461223048921E-4
6.028461223048921E-4
6.028461223048921E-4
6.028461223048921E-4
6.028461223048921E-4
6.028461223048921E-4
6.028461223048921E-4
6.028461223048921E-4
6.028461223048921E-4
6.028461223048921E-4
6.028461223048921E-4
6.028461223048921E-4
6.028461223048921E-4
6.028461223048921E-4
6.028461223048921E-4
6.028461223048921E-4
6.028461223048921E-4
6.028461223048921E-4
6.028461223048921E-4
6.028461223048921E-4
6.028461223048921E-4
6.028461223048921E-4
6.028461223048921E-4
6.028461223048921E-4
6.028461223048921E-4
6.028461223048921E-4
6.028461223048921E-4
6.028461223048921E-4
6.028461223048921E-4
6.028461223048921E-4
6.028461223048921E-4
6.028461223048921E-4
6.028461223048921E-4
6.028461223048921E-4
6.028461223048921E-4
6.028461223048921E-4
6.028461223048921E-4
6.028461223048921E-4
6.028461223048921E-4
6.028461223048921E-4
6.028461223048921E-4
6.028461223048921E-4
6.028461223048921E-4
6.028461223048921E-4
6.028461223048921E-4
6.028461223048921E-4
6.028461223048921E-4
6.028461223048921E-4
6.028461223048921E-4
6.028461223048921E-4
6.028461223048921E-4
6.028461223048921E-4
6.028461223048921E-4
6.028461223048921E-4
6.028461223048921E-4
6.028461223048921E-4
6.028461223048921E-4
6.028461223048921E-4
6.028461223048921E-4
6.028461223048921E-4
6.028461223048921E-4
6.028461223048921E-4
6.028461223048921E-4
6.028461223048921E-4
6.028461223048921E-4
6.028461223048921E-4
6.028461223048921E-4
6.028461223048921E-4
6.028461223048921E-4
6.028461223048921E-4
6.028461223048921E-4
6.028461223048921E-4
6.028461223048921E-4
6.028461223048921E-4
6.028461223048921E-4
6.028461223048921E-4
6.028461223048921E-4
6.028461223048921E-4
6.028461223048921E-4
6.028461223048921E-4
6.028461223048921E-4
6.028461223048921E-4
6.028461223048921E-4
6.028461223048921E-4
6.028461223048921E-4
6.028461223048921E-4
6.028461223048921E-4
6.028461223048921E-4
6.028461223048921E-4
6.028461223048921E-4
6.028461223048921E-4
6.028461223048921E-4
6.028461223048921E-4
6.028461223048921E-4
6.028461223048921E-4
6.028461223048921E-4
6.028461223048921E-4
6.028461223048921E-4
6.028461223048921E-4
6.028461223048921E-4
6.028461223048921E-4
6.028461223048921E-4
6.028461223048921E-4
6.028461223048921E-4
6.028461223048921E-4
6.028461223048921E-4
6.028461223048921E-4
6.028461223048921E-4
6.028461223048921E-4
6.028461223048921E-4
6.028461223048921E-4
6.028461223048921E-4
6.028461223048921E-4
6.028461223048921E-4
6.028461223048921E-4
6.028461223048921E-4
6.028461223048921E-4
6.028461223048921E-4
6.028461223048921E-4
6.028461223048921E-4
6.028461223048921E-4
6.028461223048921E-4
6.028461223048921E-4
6.028461223048921E-4
6.028461223048921E-4
6.028461223048921E-4
6.028461223048921E-4
6.028461223048921E-4
6.028461223048921E-4
6.028461223048921E-4
6.028461223048921E-4
6.028461223048921E-4
6.028461223048921E-4
6.028461223048921E-4
6.028461223048921E-4
6.028461223048921E-4
6.028461223048921E-4
6.028461223048921E-4
6.028461223048921E-4
6.028461223048921E-4
6.028461223048921E-4
6.028461223048921E-4
6.028461223048921E-4
6.028461223048921E-4
6.028461223048921E-4
6.028461223048921E-4
6.028461223048921E-4
6.028461223048921E-4
6.028461223048921E-4
6.028461223048921E-4
6.028461223048921E-4
6.028461223048921E-4
6.028461223048921E-4
6.028461223048921E-4
6.028461223048921E-4
6.028461223048921E-4
6.028461223048921E-4
6.028461223048921E-4
6.028461223048921E-4
6.028461223048921E-4
6.028461223048921E-4
6.028461223048921E-4
6.028461223048921E-4
6.028461223048921E-4
6.028461223048921E-4
6.028461223048921E-4
6.028461223048921E-4
6.028461223048921E-4
6.028461223048921E-4
6.028461223048921E-4
6.028461223048921E-4
6.028461223048921E-4
6.028461223048921E-4
6.028461223048921E-4
6.028461223048921E-4
6.028461223048921E-4
6.028461223048921E-4
6.028461223048921E-4
6.028461223048921E-4
6.028461223048921E-4
6.028461223048921E-4
6.028461223048921E-4
6.028461223048921E-4
6.028461223048921E-4
6.028461223048921E-4
6.028461223048921E-4
6.028461223048921E-4
6.028461223048921E-4
6.028461223048921E-4
6.028461223048921E-4
6.028461223048921E-4
6.028461223048921E-4
6.028461223048921E-4
6.028461223048921E-4
6.028461223048921E-4
6.028461223048921E-4
6.028461223048921E-4
6.028461223048921E-4
6.028461223048921E-4
6.028461223048921E-4
6.028461223048921E-4
6.028461223048921E-4
6.028461223048921E-4
6.028461223048921E-4
6.028461223048921E-4
6.028461223048921E-4
6.028461223048921E-4
6.028461223048921E-4
6.028461223048921E-4
6.028461223048921E-4
6.028461223048921E-4
6.028461223048921E-4
6.028461223048921E-4
6.028461223048921E-4
6.028461223048921E-4
6.028461223048921E-4
6.028461223048921E-4
6.028461223048921E-4
6.028461223048921E-4
6.028461223048921E-4
6.028461223048921E-4
6.028461223048921E-4
6.028461223048921E-4
6.028461223048921E-4
6.028461223048921E-4
6.028461223048921E-4
6.028461223048921E-4
6.028461223048921E-4
6.028461223048921E-4
6.028461223048921E-4
6.028461223048921E-4
6.028461223048921E-4
6.028461223048921E-4
6.028461223048921E-4
6.028461223048921E-4
6.028461223048921E-4
6.028461223048921E-4
6.028461223048921E-4
6.028461223048921E-4
6.028461223048921E-4
6.028461223048921E-4
6.028461223048921E-4
6.028461223048921E-4
6.028461223048921E-4
6.028461223048921E-4
6.028461223048921E-4
6.028461223048921E-4
6.028461223048921E-4
6.028461223048921E-4
6.028461223048921E-4
6.028461223048921E-4
6.028461223048921E-4
6.028461223048921E-4
6.028461223048921E-4
6.028461223048921E-4
6.028461223048921E-4
6.028461223048921E-4
6.028461223048921E-4
6.028461223048921E-4
6.028461223048921E-4
6.028461223048921E-4
6.028461223048921E-4
6.028461223048921E-4
6.028461223048921E-4
6.028461223048921E-4
6.028461223048921E-4
6.028461223048921E-4
6.028461223048921E-4
6.028461223048921E-4
6.028461223048921E-4
6.028461223048921E-4
6.028461223048921E-4
6.028461223048921E-4
6.028461223048921E-4
