0.02977986050202564
0.05131592114605511
0.07197499269097428
0.09527059056926881
0.11916028066658309
0.1440466524662739
0.17064346990769746
0.19852484024558353
0.2249313766027646
0.2528293593116988
0.278996702585307
0.3078140646535521
0.33307199807877064
0.35890640061813467
0.3862711126425258
0.41277697239276584
0.43810839702627113
0.4632208348995534
0.49120517270183295
0.5151812721881137
0.5395940003341262
0.5622292173077721
0.5860361546172157
0.6068860105249971
0.6261652528922859
0.6484842626237305
0.6673721985549013
0.6839084032911504
0.7002191037046309
0.7176040909660436
0.7352081067535388
0.748895386960698
0.7628586998287585
0.7757743494967222
0.7876243954391673
0.8002742576118272
0.8112446038508108
0.8222999227331579
0.8318868917846561
0.8416589817483188
0.8507688802572775
0.859692987512008
0.8678691893246465
0.8749631583343775
0.8816429123334587
0.8872786639101196
0.8930030906736836
0.8986474961366588
0.903384053794429
0.907824506118697
0.9129112371047904
0.917768807167023
0.9216725285051992
0.925293029277868
0.9287319780311571
0.9319540262289596
0.9349397548343988
0.9380616589399836
0.94153946664996
0.9437672367706635
0.945453923902602
0.9469374618886524
0.9484822056550958
0.9509203504155699
0.9528101992231544
0.9553103203441496
0.9567772584889106
0.9583616443219308
0.9597904063818222
0.9614108236227694
0.9630794866975726
0.9651343670383817
0.965697796850853
0.9668145407843617
0.9678225243286125
0.9691222904397907
0.969537305266673
0.9706115587019164
0.9714451739548086
0.9721109217725419
0.9726491270935117
0.9731267969761511
0.9735353193000044
0.9749655264586737
0.9757984212504685
0.9760181744142316
0.9766615879380182
0.9768618886522138
0.9770384016205138
0.9775549972852171
0.9785975629620354
0.9789779873031779
0.9792157478177336
0.9800277659441161
0.9800277659441161
0.9807151359478751
0.9810314267217958
0.9814277012070314
0.9817346301633024
0.9823729753999079
0.9825062607025015
0.9826741364908317
0.9827944576702995
0.9828607442676347
0.9835034331537376
0.9835034331537376
0.9842714906235637
0.9844970116526741
0.9851051142296279
0.9854646451990131
0.9854646451990131
0.9854646451990131
0.9857442008102569
0.9857442008102569
0.9857442008102569
0.9861094871152299
0.9861094871152299
0.9861094871152299
0.9861094871152299
0.9861094871152299
0.9865122457503215
0.9873718101323963
0.9876758614208728
0.9878704109760675
0.9879604686129559
0.9880973603976109
0.9886629557699534
0.9886629557699534
0.9886629557699534
0.9886629557699534
0.9886629557699534
0.9886629557699534
0.9886629557699534
0.9886629557699534
0.9893027795180218
0.9894238169819984
0.9895686380152852
0.9895686380152852
0.9895686380152852
0.9896867936348815
0.9896867936348815
0.9896867936348815
0.9899187904606759
0.9903402894374126
0.9903402894374126
0.9903402894374126
0.9905989475003113
0.9905989475003113
0.9905989475003113
0.990750973144549
0.990750973144549
0.990750973144549
0.990750973144549
0.990750973144549
0.9913302322181845
0.9913302322181845
0.9915377417199159
0.9916782358100462
0.9919534728313044
0.9922668859374323
0.9924751200768476
0.9924751200768476
0.9924751200768476
0.9924751200768476
0.9924751200768476
0.9927575575324721
0.9927575575324721
0.9930407112726033
0.9930407112726033
0.9933613248130951
0.9934362527669856
0.9934362527669856
0.9934362527669856
0.9934362527669856
0.9934362527669856
0.993826771916632
0.993826771916632
0.9940140959779443
0.9940140959779443
0.9940140959779443
0.9942468090882471
0.9945472580712489
0.9945472580712489
0.9945472580712489
0.9945472580712489
0.9945472580712489
0.9945472580712489
0.9945472580712489
0.9945472580712489
0.9945472580712489
0.9945472580712489
0.9945472580712489
0.9945472580712489
0.9945472580712489
0.9945472580712489
0.9945472580712489
0.9945472580712489
0.9945472580712489
0.9948383368834273
0.9948383368834273
0.9950134256358808
0.9953073946456132
0.9953073946456132
0.9953073946456132
0.9953073946456132
0.9953073946456132
0.9953073946456132
0.9956899887232159
0.9956899887232159
0.9956899887232159
0.9956899887232159
0.995840569268678
0.9960934636428151
0.9960934636428151
0.9964681284717843
0.9964681284717843
0.996749120828633
0.996749120828633
0.996749120828633
0.996749120828633
0.996749120828633
0.996749120828633
0.996749120828633
0.996749120828633
0.996749120828633
0.996749120828633
0.996986877166602
0.996986877166602
0.996986877166602
0.996986877166602
0.996986877166602
0.996986877166602
0.996986877166602
0.996986877166602
0.996986877166602
0.996986877166602
0.996986877166602
0.996986877166602
0.996986877166602
0.996986877166602
0.996986877166602
0.996986877166602
0.996986877166602
0.996986877166602
0.996986877166602
0.996986877166602
0.9972736373887948
0.9972736373887948
0.9972736373887948
0.9972736373887948
0.9972736373887948
0.9972736373887948
0.9972736373887948
0.9972736373887948
0.9972736373887948
0.9972736373887948
0.9972736373887948
0.9972736373887948
0.9972736373887948
0.9972736373887948
0.9972736373887948
0.9972736373887948
0.9972736373887948
0.9977988827632246
0.9977988827632246
0.9977988827632246
0.9977988827632246
0.9977988827632246
0.9977988827632246
0.9977988827632246
0.9977988827632246
0.9977988827632246
0.9977988827632246
0.9977988827632246
0.9981886730986054
0.9981886730986054
0.9981886730986054
0.9981886730986054
0.9981886730986054
0.9981886730986054
0.9981886730986054
0.9981886730986054
0.9981886730986054
0.9981886730986054
0.9981886730986054
0.9981886730986054
0.9981886730986054
0.9981886730986054
0.9981886730986054
0.9985604393768557
0.9985604393768557
0.9985604393768557
0.9985604393768557
0.9985604393768557
0.9985604393768557
0.9985604393768557
0.9985604393768557
0.9985604393768557
0.9985604393768557
0.9985604393768557
0.9985604393768557
0.9985604393768557
0.9990748736582716
0.9990748736582716
0.9990748736582716
0.9990748736582716
0.9990748736582716
0.9990748736582716
0.9990748736582716
0.9990748736582716
0.9990748736582716
0.9990748736582716
0.9990748736582716
0.9990748736582716
0.9990748736582716
0.9990748736582716
0.9990748736582716
0.9990748736582716
0.9990748736582716
0.9990748736582716
0.9990748736582716
0.9990748736582716
0.9990748736582716
0.9990748736582716
0.9990748736582716
0.9990748736582716
0.9990748736582716
0.9990748736582716
0.9990748736582716
0.9990748736582716
0.9990748736582716
0.9990748736582716
0.9990748736582716
0.9990748736582716
0.9990748736582716
0.9990748736582716
0.9990748736582716
0.9990748736582716
0.9990748736582716
0.9990748736582716
0.9990748736582716
0.9990748736582716
0.9990748736582716
0.9990748736582716
0.9990748736582716
0.9990748736582716
0.9990748736582716
0.9990748736582716
0.9990748736582716
0.9990748736582716
0.9990748736582716
0.9990748736582716
0.9990748736582716
0.9990748736582716
0.9990748736582716
0.9990748736582716
0.9990748736582716
0.9990748736582716
0.9990748736582716
0.9994516956939523
0.9994516956939523
0.9994516956939523
0.9994516956939523
0.9994516956939523
0.9994516956939523
0.9994516956939523
0.9994516956939523
0.9994516956939523
0.9994516956939523
0.9994516956939523
0.9994516956939523
0.9994516956939523
0.9994516956939523
0.9994516956939523
0.9994516956939523
0.9994516956939523
0.9994516956939523
0.9994516956939523
0.9994516956939523
0.9994516956939523
0.9994516956939523
0.9994516956939523
0.9994516956939523
0.9994516956939523
0.9994516956939523
0.9994516956939523
0.9994516956939523
0.9994516956939523
0.9994516956939523
0.9994516956939523
0.9994516956939523
0.9994516956939523
0.9994516956939523
0.9994516956939523
0.9994516956939523
0.9994516956939523
0.9994516956939523
0.9994516956939523
0.9994516956939523
0.9994516956939523
0.9994516956939523
0.9994516956939523
0.9994516956939523
0.9994516956939523
0.9994516956939523
0.9994516956939523
0.9994516956939523
0.9994516956939523
0.9994516956939523
0.9994516956939523
0.9994516956939523
0.9994516956939523
0.9994516956939523
0.9994516956939523
0.9994516956939523
0.9994516956939523
0.9994516956939523
0.9994516956939523
0.9994516956939523
0.9994516956939523
0.9994516956939523
0.9994516956939523
0.9994516956939523
0.9994516956939523
0.9994516956939523
0.9994516956939523
0.9994516956939523
0.9994516956939523
0.9994516956939523
0.9994516956939523
0.9994516956939523
0.9994516956939523
0.9994516956939523
0.9994516956939523
0.9994516956939523
0.9994516956939523
0.9994516956939523
0.9994516956939523
0.9994516956939523
0.9994516956939523
0.9994516956939523
0.9994516956939523
0.9994516956939523
0.9994516956939523
0.9994516956939523
0.9994516956939523
0.9994516956939523
0.9994516956939523
0.9994516956939523
0.9994516956939523
0.9994516956939523
0.9994516956939523
0.9994516956939523
0.9994516956939523
0.9994516956939523
0.9994516956939523
0.9994516956939523
0.9994516956939523
0.9994516956939523
0.9994516956939523
0.9994516956939523
0.9994516956939523
0.9994516956939523
0.9994516956939523
0.9994516956939523
0.9994516956939523
0.9994516956939523
0.9994516956939523
0.9994516956939523
0.9994516956939523
0.9994516956939523
0.9994516956939523
0.9994516956939523
0.9994516956939523
0.9994516956939523
0.9994516956939523
0.9994516956939523
0.9994516956939523
0.9994516956939523
0.9994516956939523
0.9994516956939523
0.9994516956939523
0.9994516956939523
0.9994516956939523
0.9994516956939523
0.9994516956939523
0.9994516956939523
0.9994516956939523
0.9994516956939523
0.9994516956939523
0.9994516956939523
0.9994516956939523
0.9994516956939523
0.9994516956939523
0.9994516956939523
0.9994516956939523
0.9994516956939523
0.9994516956939523
0.9994516956939523
0.9994516956939523
0.9994516956939523
0.9994516956939523
0.9994516956939523
0.9994516956939523
0.9994516956939523
0.9994516956939523
0.9994516956939523
0.9994516956939523
0.9994516956939523
0.9994516956939523
0.9994516956939523
0.9994516956939523
0.9994516956939523
0.9994516956939523
0.9994516956939523
0.9994516956939523
0.9994516956939523
0.9994516956939523
0.9994516956939523
0.9994516956939523
0.9994516956939523
0.9994516956939523
0.9994516956939523
0.9994516956939523
0.9994516956939523
0.9994516956939523
0.9994516956939523
0.9994516956939523
0.9994516956939523
0.9994516956939523
0.9994516956939523
0.9994516956939523
0.9994516956939523
0.9994516956939523
0.9994516956939523
0.9994516956939523
0.9994516956939523
0.9994516956939523
0.9994516956939523
0.9994516956939523
0.9994516956939523
0.9994516956939523
0.9994516956939523
0.9994516956939523
0.9994516956939523
0.9994516956939523
0.9994516956939523
0.9994516956939523
0.9994516956939523
0.9994516956939523
0.9994516956939523
0.9994516956939523
0.9994516956939523
0.9994516956939523
0.9994516956939523
0.9994516956939523
0.9994516956939523
0.9994516956939523
0.9994516956939523
0.9994516956939523
0.9994516956939523
0.9994516956939523
