0.165400266484209
0.3017753610140804
0.3989700745435557
0.4707767654578846
0.5297634052360545
0.5775505059598832
0.618531455940077
0.65097770895603
0.6806510857430947
0.7054989376643018
0.7267816630055096
0.7457596600525764
0.7631531563974214
0.7792502430768121
0.7939788973315566
0.8055745615614532
0.8161258957830673
0.8259930137923582
0.836004177320033
0.845007022219021
0.8530015484893224
0.8596636537145735
0.8663257589398247
0.872159602434369
0.8779214231697213
0.8828189707947709
0.8874284273830528
0.8919658612121428
0.8969354315963842
0.9012928085274945
0.9057942309769885
0.9089632323814323
0.9125643703410276
0.9157333717454713
0.918182145557996
0.921279124203248
0.9236558752565809
0.926608808383449
0.9293096618531453
0.9316864129064782
0.9335590046454678
0.9361518239763764
0.9380604270949618
0.9405452122870825
0.9423457812668802
0.9443624185242535
0.9462350102632431
0.947819510965465
0.9488638409737477
0.9505923871943533
0.9518167741006157
0.9530051496272821
0.9541575137743525
0.9552738665418271
0.9564622420684935
0.9575065720767761
0.9587669703626345
0.9598113003709171
0.9607836076200078
0.9618279376282904
0.9627282221181892
0.963628506608088
0.9646368252367746
0.9654650869674816
0.9664013828369763
0.9672296445676832
0.9679858835391982
0.9688141452699052
0.9696784183802081
0.9703626345925311
0.9711548849436421
0.9719111239151571
0.9722712377111167
0.9728834311642479
0.9733515790989953
0.9740357953113183
0.9746840001440454
0.9752241708379847
0.9755122618747524
0.9763765349850553
0.9767006374014189
0.9771327739565703
0.9776729446505096
0.9779610356872772
0.9783571608628326
0.978861320177176
0.9791133998343476
0.979581547769095
0.9799416615650546
0.9804458208793979
0.9806618891569736
0.9809139688141453
0.9812740826101048
0.9814541395080846
0.9820663329612158
0.9824264467571754
0.982786560553135
0.9831466743490945
0.9832907198674783
0.9836148222838419
0.9838669019410136
0.9841910043573772
0.9845151067737408
0.9846591522921245
0.9848752205697002
0.9851633116064679
0.9855234254024274
0.9858115164391951
0.9860275847167708
0.9863156757535384
0.9864957326515181
0.9866757895494979
0.9867838236882858
0.9871079261046494
0.987396017141417
0.9875760740393967
0.9877921423169724
0.9879001764557603
0.988188267492528
0.9883683243905077
0.9884403471496996
0.9886204040476794
0.9887284381864673
0.988872483704851
0.9890885519824267
0.9892686088804065
0.9894486657783862
0.9895206885375781
0.9895206885375781
0.9897007454355579
0.9897367568151538
0.9898808023335376
0.9899168137131336
0.9901328819907093
0.9902409161294972
0.9902769275090931
0.9904929957866688
0.9906010299254567
0.9907090640642446
0.9908531095826284
0.9908891209622244
0.9910331664806081
0.9912492347581838
0.9913572688969717
0.9915373257949515
0.9916453599337394
0.9917533940725273
0.9917894054521232
0.9920054737296989
0.9921495192480827
0.9922935647664665
0.9924736216644462
0.9925456444236381
0.992653678562426
0.9927977240808098
0.9929417695991936
0.9930137923583855
0.9931578378767693
0.9932658720155572
0.9934459289135369
0.9934819402931329
0.9934819402931329
0.9935539630523248
0.9935539630523248
0.9936619971911127
0.9936980085707087
0.9936980085707087
0.9937700313299006
0.9938060427094966
0.9938780654686885
0.9938780654686885
0.9939500882278804
0.9941661565054561
0.9942381792646481
0.99431020202384
0.994346213403436
0.9944182361626279
0.9944902589218199
0.9945622816810118
0.9946343044402037
0.9946703158197997
0.9947063271993957
0.9947423385789916
0.9947783499585876
0.9948143613381836
0.9948503727177795
0.9949584068565674
0.9949944182361634
0.9950664409953554
0.9951024523749513
0.9952104865137392
0.9952825092729312
0.9953545320321231
0.995426554791315
0.995498577550507
0.995498577550507
0.9956066116892949
0.9956786344484868
0.9957146458280828
0.9957506572076787
0.9957506572076787
0.9958586913464667
0.9958586913464667
0.9958586913464667
0.9959667254852546
0.9961107710036383
0.9961107710036383
0.9961107710036383
0.9961827937628303
0.9961827937628303
0.9961827937628303
0.9962188051424262
0.9962548165220222
0.9962908279016182
0.9963268392812141
0.9963268392812141
0.9963268392812141
0.9963628506608101
0.9963628506608101
0.9963988620404061
0.996470884799598
0.996470884799598
0.9965429075587899
0.9966869530771737
0.9967229644567697
0.9967589758363656
0.9967589758363656
0.9967589758363656
0.9968309985955576
0.9969390327343455
0.9970110554935374
0.9970110554935374
0.9971190896323253
0.9971911123915173
0.9971911123915173
0.9972271237711132
0.9972271237711132
0.9972271237711132
0.9972271237711132
0.9972271237711132
0.9972631351507092
0.9972631351507092
0.9973351579099011
0.9973351579099011
0.9973711692894971
0.9973711692894971
0.9973711692894971
0.997443192048689
0.997443192048689
0.997443192048689
0.997443192048689
0.997479203428285
0.997515214807881
0.997515214807881
0.997515214807881
0.997515214807881
0.997515214807881
0.9975872375670729
0.9975872375670729
0.9975872375670729
0.9975872375670729
0.9975872375670729
0.9975872375670729
0.9975872375670729
0.9976232489466689
0.9976592603262648
0.9976592603262648
0.9976592603262648
0.9976952717058608
0.9976952717058608
0.9976952717058608
0.9976952717058608
0.9976952717058608
0.9977312830854568
0.9977672944650527
0.9977672944650527
0.9977672944650527
0.9977672944650527
0.9977672944650527
0.9977672944650527
0.9977672944650527
0.9977672944650527
0.9978393172242447
0.9978393172242447
0.9978393172242447
0.9978393172242447
0.9978393172242447
0.9978393172242447
0.9978393172242447
0.9978393172242447
0.9978753286038407
0.9978753286038407
0.9978753286038407
0.9978753286038407
0.9978753286038407
0.9979113399834366
0.9979113399834366
0.9979473513630326
0.9979473513630326
0.9979473513630326
0.9979473513630326
0.9980553855018205
0.9980553855018205
0.9980553855018205
0.9980913968814165
0.9980913968814165
0.9980913968814165
0.9980913968814165
0.9981274082610124
0.9981274082610124
0.9981274082610124
0.9981274082610124
0.9981274082610124
0.9981274082610124
0.9981634196406084
0.9981994310202044
0.9981994310202044
0.9981994310202044
0.9981994310202044
0.9981994310202044
0.9981994310202044
0.9981994310202044
0.9981994310202044
0.9981994310202044
0.9981994310202044
0.9982714537793963
0.9982714537793963
0.9983434765385882
0.9984154992977802
0.9984875220569721
0.9984875220569721
0.9985235334365681
0.9985235334365681
0.998559544816164
0.998559544816164
0.998559544816164
0.998559544816164
0.99859555619576
0.99859555619576
0.99859555619576
0.998631567575356
0.998667578954952
0.998667578954952
0.998667578954952
0.9987035903345479
0.9987035903345479
0.9987035903345479
0.9987396017141439
0.9987396017141439
0.9987396017141439
0.9987396017141439
0.9987396017141439
0.9987396017141439
0.9987396017141439
0.9987396017141439
0.9987396017141439
0.9987396017141439
0.9987396017141439
0.9987396017141439
0.9987396017141439
0.9987396017141439
0.9987396017141439
0.9987396017141439
0.9987396017141439
0.9987396017141439
0.9987396017141439
0.9987396017141439
0.9987396017141439
0.9987396017141439
0.9987396017141439
0.9987396017141439
0.9987396017141439
0.9987396017141439
0.9987756130937399
0.9987756130937399
0.9987756130937399
0.9987756130937399
0.9987756130937399
0.9987756130937399
0.9987756130937399
0.9988476358529318
0.9988476358529318
0.9988476358529318
0.9988836472325278
0.9988836472325278
0.9989196586121237
0.9989196586121237
0.9989196586121237
0.9989556699917197
0.9989556699917197
0.9989556699917197
0.9989556699917197
0.9989556699917197
0.9989556699917197
0.9989556699917197
0.9989556699917197
0.9989556699917197
0.9989556699917197
0.9989556699917197
0.9989556699917197
0.9989556699917197
0.9989556699917197
0.9989556699917197
0.9989556699917197
0.9989556699917197
0.9989556699917197
0.9989916813713157
0.9989916813713157
0.9989916813713157
0.9989916813713157
0.9989916813713157
0.9990276927509116
0.9990276927509116
0.9990276927509116
0.9990276927509116
0.9990276927509116
0.9990276927509116
0.9990276927509116
0.9990276927509116
0.9990276927509116
0.9990276927509116
0.9990637041305076
0.9990637041305076
0.9990637041305076
0.9990997155101036
0.9990997155101036
0.9991357268896995
0.9991717382692955
0.9991717382692955
0.9991717382692955
0.9991717382692955
0.9991717382692955
0.9991717382692955
0.9991717382692955
0.9991717382692955
0.9991717382692955
0.9991717382692955
0.9991717382692955
0.9992077496488915
0.9992077496488915
0.9992077496488915
0.9992077496488915
0.9992077496488915
0.9992077496488915
0.9992077496488915
0.9992077496488915
0.9992077496488915
0.9992077496488915
0.9992077496488915
0.9992077496488915
0.9992077496488915
0.9992077496488915
0.9992077496488915
0.9992077496488915
0.9992077496488915
0.9992077496488915
0.9992437610284874
0.9992437610284874
0.9992437610284874
0.9992437610284874
0.9992437610284874
0.9992437610284874
0.9992437610284874
0.9992437610284874
0.9992437610284874
0.9992437610284874
0.9992437610284874
0.9992797724080834
0.9992797724080834
0.9992797724080834
0.9992797724080834
0.9992797724080834
0.9992797724080834
0.9992797724080834
0.9992797724080834
0.9993157837876794
0.9993157837876794
0.9993157837876794
0.9993157837876794
0.9993157837876794
0.9993157837876794
0.9993157837876794
0.9993157837876794
0.9993157837876794
0.9993157837876794
0.9993157837876794
0.9993157837876794
0.9993157837876794
0.9993157837876794
0.9993157837876794
0.9993157837876794
0.9993157837876794
0.9993157837876794
0.9993157837876794
0.9993517951672753
0.9993517951672753
0.9993517951672753
0.9993517951672753
0.9993517951672753
0.9993517951672753
0.9993517951672753
0.9993517951672753
0.9993517951672753
0.9993517951672753
0.9993517951672753
0.9993517951672753
0.9993517951672753
0.9993517951672753
0.9993517951672753
0.9993517951672753
0.9993517951672753
0.9993517951672753
0.9993517951672753
0.9993517951672753
0.9993517951672753
0.9993517951672753
0.9993517951672753
0.9993517951672753
0.9993517951672753
0.9993517951672753
0.9993878065468713
0.9993878065468713
0.9993878065468713
0.9993878065468713
0.9993878065468713
0.9993878065468713
0.9993878065468713
0.9993878065468713
0.9993878065468713
0.9993878065468713
0.9993878065468713
0.9993878065468713
0.9993878065468713
0.9993878065468713
0.9993878065468713
0.9993878065468713
0.9993878065468713
0.9993878065468713
0.9993878065468713
0.9993878065468713
0.9993878065468713
0.9993878065468713
0.9993878065468713
0.9993878065468713
0.9993878065468713
0.9993878065468713
0.9993878065468713
0.9993878065468713
0.9993878065468713
0.9993878065468713
0.9993878065468713
0.9993878065468713
0.9993878065468713
0.9993878065468713
0.9993878065468713
0.9993878065468713
0.9993878065468713
0.9993878065468713
0.9993878065468713
0.9993878065468713
0.9993878065468713
0.9993878065468713
0.9993878065468713
0.9993878065468713
0.9993878065468713
0.9993878065468713
0.9993878065468713
0.9993878065468713
0.9993878065468713
0.9993878065468713
0.9993878065468713
0.9993878065468713
0.9993878065468713
0.9993878065468713
0.9993878065468713
0.9993878065468713
0.9993878065468713
0.9993878065468713
0.9993878065468713
0.9993878065468713
0.9993878065468713
0.9993878065468713
0.9993878065468713
0.9993878065468713
0.9993878065468713
0.9993878065468713
0.9993878065468713
0.9993878065468713
0.9993878065468713
0.9993878065468713
0.9993878065468713
0.9993878065468713
0.9993878065468713
0.9993878065468713
0.9993878065468713
0.9993878065468713
0.9993878065468713
0.9993878065468713
0.9993878065468713
0.9993878065468713
0.9993878065468713
0.9993878065468713
0.9993878065468713
0.9993878065468713
0.9993878065468713
0.9993878065468713
0.9993878065468713
0.9993878065468713
0.9993878065468713
0.9993878065468713
0.9993878065468713
0.9993878065468713
0.9993878065468713
0.9993878065468713
0.9993878065468713
0.9993878065468713
0.9993878065468713
0.9993878065468713
0.9993878065468713
0.9993878065468713
0.9993878065468713
0.9993878065468713
0.9993878065468713
0.9993878065468713
0.9993878065468713
0.9993878065468713
0.9993878065468713
0.9993878065468713
0.9993878065468713
0.9993878065468713
0.9993878065468713
0.9993878065468713
0.9993878065468713
0.9993878065468713
0.9993878065468713
0.9993878065468713
0.9993878065468713
0.9993878065468713
0.9993878065468713
0.9993878065468713
0.9993878065468713
0.9993878065468713
0.9993878065468713
0.9993878065468713
0.9993878065468713
0.9993878065468713
0.9993878065468713
0.9993878065468713
0.9993878065468713
0.9993878065468713
0.9993878065468713
0.9994238179264673
0.9994238179264673
0.9994238179264673
0.9994238179264673
0.9994238179264673
0.9994238179264673
0.9994238179264673
0.9994238179264673
0.9994238179264673
0.9994238179264673
0.9994238179264673
0.9994238179264673
0.9994238179264673
0.9994238179264673
0.9994238179264673
0.9994238179264673
0.9994238179264673
0.9994238179264673
0.9994238179264673
0.9994238179264673
0.9994238179264673
0.9994238179264673
0.9994238179264673
0.9994238179264673
0.9994238179264673
0.9994238179264673
0.9994238179264673
0.9994238179264673
0.9994238179264673
0.9994238179264673
0.9994238179264673
0.9994238179264673
0.9994238179264673
0.9994238179264673
0.9994238179264673
0.9994238179264673
0.9994238179264673
0.9994238179264673
0.9994238179264673
0.9994238179264673
0.9994238179264673
0.9994238179264673
0.9994238179264673
0.9994238179264673
0.9994238179264673
0.9994238179264673
0.9994238179264673
0.9994238179264673
0.9994238179264673
0.9994238179264673
0.9994598293060633
0.9994598293060633
0.9994598293060633
0.9994598293060633
0.9994598293060633
0.9994598293060633
0.9994598293060633
0.9994598293060633
0.9994598293060633
0.9994598293060633
0.9994598293060633
0.9994598293060633
0.9994598293060633
0.9994598293060633
0.9994598293060633
0.9994598293060633
0.9994598293060633
0.9994598293060633
0.9994598293060633
0.9994598293060633
0.9994598293060633
0.9994598293060633
0.9994598293060633
0.9994598293060633
0.9994598293060633
0.9994598293060633
0.9994598293060633
0.9994598293060633
0.9994598293060633
0.9994598293060633
0.9994598293060633
0.9994598293060633
0.9994598293060633
0.9994598293060633
0.9994598293060633
0.9994598293060633
0.9994598293060633
0.9994598293060633
0.9994598293060633
0.9994598293060633
0.9994598293060633
0.9994598293060633
0.9994598293060633
0.9994598293060633
0.9994598293060633
0.9994598293060633
0.9994598293060633
0.9994958406856592
0.9994958406856592
0.9994958406856592
0.9994958406856592
0.9994958406856592
0.9994958406856592
0.9994958406856592
0.9994958406856592
0.9994958406856592
0.9994958406856592
0.9994958406856592
0.9994958406856592
0.9994958406856592
0.9994958406856592
0.9994958406856592
0.9994958406856592
0.9994958406856592
0.9994958406856592
0.9994958406856592
0.9994958406856592
0.9994958406856592
0.9994958406856592
0.9994958406856592
0.9994958406856592
0.9994958406856592
0.9994958406856592
0.9994958406856592
0.9995318520652552
0.9995318520652552
0.9995318520652552
0.9995318520652552
0.9995318520652552
0.9995318520652552
0.9995318520652552
0.9995318520652552
0.9995318520652552
0.9995318520652552
0.9995318520652552
0.9995318520652552
0.9995318520652552
0.9996038748244471
0.9996038748244471
0.9996038748244471
0.9996038748244471
0.9996038748244471
0.9996038748244471
0.9996038748244471
0.9996038748244471
0.9996038748244471
0.9996038748244471
0.9996038748244471
0.9996038748244471
0.9996038748244471
0.9996038748244471
0.9996038748244471
0.9996038748244471
0.9996038748244471
0.9996038748244471
0.9996038748244471
0.9996398862040431
0.9996398862040431
0.9996398862040431
0.9996398862040431
0.9996398862040431
0.9996398862040431
0.9996398862040431
0.9996398862040431
0.9996398862040431
0.9996398862040431
0.9996398862040431
0.9996398862040431
0.9996398862040431
0.9996398862040431
0.9996398862040431
0.9996398862040431
0.9996398862040431
0.9996398862040431
0.9996398862040431
0.9996398862040431
0.9996398862040431
0.9996398862040431
0.9996398862040431
0.9996398862040431
0.9996398862040431
0.9996398862040431
0.9996398862040431
0.9996398862040431
0.9996398862040431
0.9996398862040431
0.9996398862040431
0.9996398862040431
0.9996398862040431
0.9996398862040431
0.9996398862040431
0.9996398862040431
0.9996398862040431
0.9996398862040431
0.9996398862040431
0.9996398862040431
0.9996398862040431
0.9996398862040431
0.9996398862040431
0.9996398862040431
0.9996398862040431
0.9996398862040431
0.9996398862040431
0.9996398862040431
0.9996398862040431
0.9996398862040431
0.9996398862040431
0.9996398862040431
0.9996398862040431
0.9996398862040431
0.9996398862040431
0.9996398862040431
0.9996398862040431
0.9996398862040431
0.9996398862040431
0.9996398862040431
0.9996398862040431
0.9996398862040431
0.9996398862040431
0.9996398862040431
0.9996398862040431
0.9996398862040431
0.9996398862040431
0.9996398862040431
0.9996398862040431
0.9996398862040431
0.9996398862040431
0.9996398862040431
0.9996398862040431
0.9996398862040431
0.9996398862040431
0.9996398862040431
0.9996398862040431
0.9996398862040431
0.9996398862040431
0.9996398862040431
0.9996398862040431
0.9996398862040431
0.9996398862040431
0.9996398862040431
0.9996398862040431
0.9996398862040431
0.9996398862040431
0.9996398862040431
0.9996398862040431
0.9996398862040431
0.9996398862040431
0.9996398862040431
0.9996398862040431
0.9996398862040431
0.9996398862040431
0.9996398862040431
0.9996398862040431
0.9996398862040431
0.9996398862040431
0.9996398862040431
0.9996398862040431
0.9996398862040431
0.9996398862040431
0.9996398862040431
0.9996398862040431
0.9996398862040431
0.9996398862040431
0.9996398862040431
0.9996398862040431
0.9996398862040431
0.9996398862040431
0.9996398862040431
0.9996398862040431
0.9996398862040431
0.9996398862040431
0.9996398862040431
0.9996398862040431
0.9996398862040431
0.9996398862040431
0.9996398862040431
0.9996398862040431
0.9996398862040431
0.9996398862040431
0.9996398862040431
0.9996398862040431
0.9996398862040431
0.9996398862040431
0.9996398862040431
0.9996398862040431
0.9996398862040431
0.9996398862040431
0.9996398862040431
0.9996398862040431
0.9996398862040431
0.9996398862040431
0.9996398862040431
0.9996398862040431
0.9996398862040431
0.9996398862040431
0.9996398862040431
0.9996398862040431
0.9996398862040431
0.9996398862040431
0.9996398862040431
0.9996398862040431
0.9996398862040431
0.9996398862040431
0.9996398862040431
0.9996398862040431
0.9996398862040431
0.9996398862040431
0.9996398862040431
0.9996398862040431
0.9996398862040431
0.9996398862040431
0.9996398862040431
0.9996398862040431
0.9996398862040431
0.9996398862040431
0.9996398862040431
0.9996398862040431
0.9996398862040431
0.9996398862040431
0.9996398862040431
0.9996398862040431
0.9996398862040431
0.9996398862040431
0.9996398862040431
0.9996398862040431
0.9996398862040431
0.9996398862040431
0.9996398862040431
0.9996398862040431
0.9996398862040431
0.9996398862040431
0.9996398862040431
0.9996398862040431
0.9996398862040431
0.9996398862040431
0.9996398862040431
0.9996398862040431
0.9996398862040431
0.9996398862040431
0.9996398862040431
0.9996398862040431
0.9996398862040431
0.9996398862040431
0.9996398862040431
0.9996398862040431
0.9996398862040431
0.9996398862040431
0.9996398862040431
0.9996398862040431
0.9996398862040431
0.9996398862040431
0.9996398862040431
0.9996398862040431
0.9996398862040431
0.9996398862040431
0.9996758975836391
0.9996758975836391
0.9996758975836391
0.9996758975836391
0.9996758975836391
0.9996758975836391
0.9996758975836391
0.9996758975836391
0.9996758975836391
0.9996758975836391
0.9996758975836391
0.9996758975836391
0.9996758975836391
0.9996758975836391
0.9996758975836391
0.9996758975836391
0.9996758975836391
0.9996758975836391
0.9996758975836391
0.9996758975836391
0.9996758975836391
0.9996758975836391
0.9996758975836391
0.9996758975836391
0.9996758975836391
0.9996758975836391
0.999711908963235
0.999711908963235
0.999711908963235
0.999711908963235
0.999711908963235
0.999711908963235
0.999711908963235
0.999711908963235
0.999711908963235
0.999711908963235
0.999711908963235
0.999711908963235
0.999711908963235
0.999711908963235
0.999711908963235
0.999711908963235
0.999711908963235
0.999711908963235
0.999711908963235
0.999711908963235
0.999711908963235
0.999711908963235
0.999711908963235
0.999711908963235
0.999711908963235
0.999711908963235
0.999711908963235
0.999711908963235
0.999711908963235
0.999711908963235
0.999711908963235
0.999711908963235
0.999711908963235
0.999711908963235
0.999711908963235
0.999711908963235
0.999711908963235
0.999711908963235
0.999711908963235
0.999711908963235
0.999711908963235
0.999711908963235
0.999711908963235
0.999711908963235
0.999711908963235
0.999711908963235
0.999711908963235
0.999711908963235
0.999711908963235
0.999711908963235
0.999711908963235
0.999711908963235
0.999711908963235
0.999711908963235
0.999711908963235
0.999711908963235
0.999711908963235
0.999711908963235
0.999711908963235
0.999711908963235
0.999711908963235
0.999711908963235
0.999711908963235
0.999711908963235
0.999711908963235
0.999711908963235
0.999711908963235
0.999711908963235
0.999711908963235
0.999711908963235
0.999711908963235
0.999711908963235
0.999711908963235
0.999711908963235
0.999711908963235
0.999711908963235
0.999711908963235
0.999711908963235
0.999711908963235
0.999711908963235
0.999711908963235
0.999711908963235
0.999747920342831
0.999747920342831
0.999747920342831
0.999747920342831
0.999747920342831
0.999747920342831
0.999747920342831
0.999747920342831
0.999747920342831
0.999747920342831
0.999747920342831
0.999747920342831
0.999747920342831
0.999747920342831
0.999747920342831
0.999747920342831
0.999747920342831
0.999747920342831
0.999747920342831
0.999747920342831
0.999747920342831
0.999747920342831
0.999747920342831
0.999747920342831
0.999747920342831
0.999747920342831
0.999747920342831
0.999747920342831
0.999747920342831
0.999747920342831
0.999783931722427
0.999783931722427
0.999783931722427
0.999783931722427
0.999783931722427
0.999783931722427
0.999783931722427
0.999783931722427
0.999783931722427
0.999783931722427
0.999783931722427
0.9998199431020229
0.9998199431020229
0.9998199431020229
0.9998199431020229
0.9998199431020229
0.9998199431020229
0.9998199431020229
0.9998199431020229
0.9998199431020229
0.9998199431020229
0.9998199431020229
0.9998199431020229
0.9998199431020229
0.9998199431020229
0.9998199431020229
0.9998199431020229
0.9998199431020229
0.9998199431020229
0.9998199431020229
0.9998199431020229
0.9998199431020229
0.9998199431020229
0.9998199431020229
0.9998199431020229
0.9998199431020229
0.9998199431020229
0.9998199431020229
0.9998199431020229
0.9998199431020229
0.9998199431020229
0.9998199431020229
0.9998199431020229
0.9998199431020229
0.9998199431020229
0.9998199431020229
0.9998199431020229
0.9998199431020229
0.9998199431020229
0.9998199431020229
0.9998199431020229
0.9998199431020229
0.9998199431020229
0.9998199431020229
0.9998199431020229
0.9998559544816189
0.9998559544816189
0.9998559544816189
0.9998559544816189
0.9998559544816189
0.9998559544816189
0.9998559544816189
0.9998559544816189
0.9998559544816189
0.9998559544816189
0.9998559544816189
0.9998559544816189
0.9998559544816189
0.9998559544816189
0.9998559544816189
0.9998559544816189
0.9998559544816189
0.9998559544816189
0.9998559544816189
0.9998559544816189
0.9998559544816189
0.9998559544816189
0.9998559544816189
0.9998559544816189
0.9998559544816189
0.9998559544816189
0.9998559544816189
0.9998559544816189
0.9998559544816189
0.9998559544816189
0.9998559544816189
0.9998559544816189
0.9998559544816189
0.9998559544816189
0.9998559544816189
0.9998559544816189
0.9998559544816189
0.9998559544816189
0.9998559544816189
0.9998559544816189
0.9998559544816189
0.9998559544816189
0.9998559544816189
0.9998559544816189
0.9998559544816189
0.9998559544816189
0.9998559544816189
0.9998559544816189
0.9998559544816189
0.9998559544816189
0.9998559544816189
0.9998559544816189
0.9998559544816189
0.9998559544816189
0.9998559544816189
0.9998559544816189
0.9998559544816189
0.9998559544816189
0.9998559544816189
0.9998559544816189
0.9998559544816189
0.9998559544816189
0.9998559544816189
0.9998559544816189
0.9998559544816189
0.9998559544816189
0.9998559544816189
0.9998559544816189
0.9998559544816189
0.9998559544816189
0.9998559544816189
0.9998559544816189
0.9998559544816189
0.9998559544816189
0.9998559544816189
0.9998559544816189
0.9998559544816189
0.9998559544816189
0.9998559544816189
0.9998559544816189
0.9998559544816189
0.9998559544816189
0.9998559544816189
0.9998559544816189
0.9998559544816189
0.9998559544816189
0.9998559544816189
0.9998559544816189
0.9998559544816189
0.9998559544816189
0.9998559544816189
0.9998559544816189
0.9998559544816189
0.9998559544816189
0.9998559544816189
0.9998559544816189
0.9998559544816189
0.9998559544816189
0.9998559544816189
0.9998559544816189
0.9998919658612149
0.9998919658612149
0.9998919658612149
0.9998919658612149
0.9998919658612149
0.9998919658612149
0.9998919658612149
0.9998919658612149
0.9998919658612149
0.9998919658612149
0.9998919658612149
0.9998919658612149
0.9998919658612149
0.9998919658612149
0.9998919658612149
0.9998919658612149
0.9998919658612149
0.9998919658612149
0.9998919658612149
0.9998919658612149
0.9998919658612149
0.9998919658612149
0.9998919658612149
0.9998919658612149
0.9998919658612149
0.9998919658612149
0.9998919658612149
0.9998919658612149
0.9998919658612149
0.9998919658612149
0.9998919658612149
0.9998919658612149
0.9998919658612149
0.9998919658612149
0.9998919658612149
0.9998919658612149
0.9998919658612149
0.9998919658612149
0.9998919658612149
0.9998919658612149
0.9998919658612149
0.9998919658612149
0.9998919658612149
0.9998919658612149
0.9998919658612149
0.9998919658612149
0.9998919658612149
0.9998919658612149
0.9998919658612149
0.9998919658612149
0.9998919658612149
0.9998919658612149
0.9998919658612149
0.9998919658612149
0.9998919658612149
0.9998919658612149
0.9998919658612149
0.9998919658612149
0.9998919658612149
0.9998919658612149
0.9998919658612149
0.9998919658612149
0.9998919658612149
0.9998919658612149
0.9998919658612149
0.9998919658612149
0.9998919658612149
0.9998919658612149
0.9998919658612149
0.9998919658612149
0.9998919658612149
0.9998919658612149
0.9998919658612149
0.9998919658612149
0.9998919658612149
0.9998919658612149
0.9998919658612149
0.9998919658612149
0.9998919658612149
0.9998919658612149
0.9998919658612149
0.9998919658612149
0.9998919658612149
0.9998919658612149
0.9998919658612149
0.9998919658612149
0.9998919658612149
0.9998919658612149
0.9998919658612149
0.9998919658612149
0.9998919658612149
0.9998919658612149
0.9998919658612149
0.9998919658612149
0.9998919658612149
0.9998919658612149
0.9998919658612149
0.9998919658612149
0.9998919658612149
0.9998919658612149
0.9998919658612149
0.9998919658612149
0.9998919658612149
0.9998919658612149
0.9998919658612149
0.9998919658612149
0.9998919658612149
0.9998919658612149
0.9998919658612149
0.9998919658612149
0.9998919658612149
0.9998919658612149
0.9998919658612149
0.9998919658612149
0.9998919658612149
0.9998919658612149
0.9998919658612149
0.9998919658612149
0.9998919658612149
0.9998919658612149
0.9998919658612149
0.9998919658612149
0.9998919658612149
0.9998919658612149
0.9998919658612149
0.9998919658612149
0.9998919658612149
0.9998919658612149
0.9998919658612149
0.9998919658612149
0.9998919658612149
0.9998919658612149
0.9998919658612149
0.9998919658612149
0.9998919658612149
0.9998919658612149
0.9998919658612149
0.9998919658612149
0.9998919658612149
0.9998919658612149
0.9998919658612149
0.9998919658612149
0.9998919658612149
0.9998919658612149
0.9998919658612149
0.9998919658612149
0.9998919658612149
0.9998919658612149
0.9998919658612149
0.9998919658612149
0.9998919658612149
0.9998919658612149
0.9998919658612149
0.9998919658612149
0.9998919658612149
0.9998919658612149
0.9998919658612149
0.9998919658612149
0.9998919658612149
0.9998919658612149
0.9998919658612149
0.9998919658612149
0.9998919658612149
0.9998919658612149
0.9998919658612149
0.9998919658612149
0.9998919658612149
0.9998919658612149
0.9998919658612149
0.9998919658612149
0.9998919658612149
0.9998919658612149
0.9998919658612149
0.9998919658612149
0.9998919658612149
0.9998919658612149
0.9998919658612149
0.9998919658612149
0.9998919658612149
0.9998919658612149
0.9998919658612149
0.9998919658612149
0.9998919658612149
0.9998919658612149
0.9998919658612149
0.9998919658612149
0.9998919658612149
0.9998919658612149
0.9998919658612149
0.9998919658612149
0.9998919658612149
0.9998919658612149
0.9998919658612149
0.9998919658612149
0.9998919658612149
0.9998919658612149
0.9998919658612149
0.9998919658612149
0.9998919658612149
0.9998919658612149
0.9998919658612149
0.9998919658612149
0.9998919658612149
0.9998919658612149
0.9998919658612149
0.9998919658612149
0.9998919658612149
0.9998919658612149
0.9998919658612149
0.9998919658612149
0.9998919658612149
0.9998919658612149
0.9998919658612149
0.9998919658612149
0.9998919658612149
0.9998919658612149
0.9998919658612149
0.9998919658612149
0.9998919658612149
0.9998919658612149
0.9998919658612149
0.9998919658612149
0.9998919658612149
0.9998919658612149
0.9998919658612149
0.9998919658612149
0.9998919658612149
0.9998919658612149
0.9998919658612149
0.9998919658612149
0.9998919658612149
0.9998919658612149
0.9998919658612149
0.9998919658612149
0.9998919658612149
0.9998919658612149
0.9998919658612149
0.9998919658612149
0.9998919658612149
0.9998919658612149
0.9998919658612149
0.9998919658612149
0.9998919658612149
0.9998919658612149
0.9998919658612149
0.9998919658612149
0.9998919658612149
0.9998919658612149
0.9998919658612149
0.9998919658612149
0.9998919658612149
0.9998919658612149
0.9998919658612149
0.9998919658612149
0.9998919658612149
0.9998919658612149
0.9998919658612149
0.9998919658612149
0.9998919658612149
0.9998919658612149
0.9998919658612149
0.9998919658612149
0.9998919658612149
0.9998919658612149
0.9998919658612149
0.9998919658612149
0.9998919658612149
0.9998919658612149
0.9998919658612149
0.9998919658612149
0.9998919658612149
0.9998919658612149
0.9998919658612149
0.9998919658612149
0.9998919658612149
0.9998919658612149
0.9998919658612149
0.9998919658612149
0.9998919658612149
0.9998919658612149
0.9998919658612149
0.9998919658612149
0.9998919658612149
0.9998919658612149
0.9998919658612149
0.9998919658612149
0.9998919658612149
0.9998919658612149
0.9998919658612149
0.9998919658612149
0.9998919658612149
0.9998919658612149
0.9998919658612149
0.9998919658612149
0.9998919658612149
0.9998919658612149
0.9998919658612149
0.9998919658612149
0.9998919658612149
0.9998919658612149
0.9998919658612149
0.9998919658612149
0.9998919658612149
0.9998919658612149
0.9998919658612149
0.9998919658612149
0.9998919658612149
0.9998919658612149
0.9998919658612149
0.9998919658612149
0.9998919658612149
0.9998919658612149
0.9998919658612149
0.9998919658612149
0.9998919658612149
0.9998919658612149
0.9998919658612149
0.9998919658612149
0.9998919658612149
0.9998919658612149
0.9998919658612149
0.9998919658612149
0.9998919658612149
0.9998919658612149
0.9998919658612149
0.9998919658612149
0.9998919658612149
0.9998919658612149
0.9998919658612149
0.9998919658612149
0.9998919658612149
0.9998919658612149
0.9998919658612149
0.9998919658612149
0.9998919658612149
0.9998919658612149
0.9998919658612149
0.9998919658612149
0.9998919658612149
0.9998919658612149
0.9998919658612149
0.9998919658612149
0.9999279772408108
0.9999279772408108
0.9999279772408108
0.9999279772408108
0.9999279772408108
0.9999279772408108
0.9999279772408108
0.9999279772408108
0.9999279772408108
0.9999279772408108
0.9999279772408108
0.9999279772408108
0.9999279772408108
0.9999279772408108
0.9999279772408108
0.9999279772408108
0.9999279772408108
0.9999279772408108
0.9999279772408108
0.9999279772408108
0.9999279772408108
0.9999279772408108
0.9999279772408108
0.9999279772408108
0.9999279772408108
0.9999279772408108
0.9999279772408108
0.9999279772408108
0.9999279772408108
0.9999279772408108
0.9999279772408108
0.9999279772408108
0.9999279772408108
0.9999279772408108
0.9999279772408108
0.9999279772408108
0.9999279772408108
0.9999279772408108
0.9999279772408108
0.9999279772408108
0.9999279772408108
0.9999279772408108
0.9999279772408108
0.9999279772408108
0.9999279772408108
0.9999279772408108
0.9999279772408108
0.9999279772408108
0.9999279772408108
0.9999279772408108
0.9999279772408108
0.9999279772408108
0.9999279772408108
0.9999279772408108
0.9999279772408108
0.9999279772408108
0.9999279772408108
0.9999279772408108
0.9999279772408108
0.9999279772408108
0.9999279772408108
0.9999279772408108
0.9999279772408108
0.9999279772408108
0.9999279772408108
0.9999279772408108
0.9999279772408108
0.9999279772408108
0.9999279772408108
0.9999279772408108
0.9999279772408108
0.9999279772408108
0.9999279772408108
0.9999279772408108
0.9999279772408108
0.9999279772408108
0.9999279772408108
0.9999279772408108
0.9999279772408108
0.9999279772408108
0.9999279772408108
0.9999279772408108
0.9999279772408108
0.9999279772408108
0.9999279772408108
0.9999279772408108
0.9999279772408108
0.9999279772408108
0.9999279772408108
0.9999279772408108
0.9999279772408108
0.9999279772408108
0.9999279772408108
0.9999279772408108
0.9999279772408108
0.9999279772408108
0.9999279772408108
0.9999279772408108
0.9999279772408108
0.9999279772408108
0.9999279772408108
0.9999279772408108
0.9999279772408108
0.9999279772408108
0.9999279772408108
0.9999279772408108
0.9999279772408108
0.9999279772408108
0.9999279772408108
0.9999279772408108
0.9999279772408108
0.9999279772408108
0.9999279772408108
0.9999279772408108
0.9999279772408108
0.9999279772408108
0.9999279772408108
0.9999279772408108
0.9999279772408108
0.9999279772408108
0.9999279772408108
0.9999279772408108
0.9999279772408108
0.9999279772408108
0.9999279772408108
0.9999279772408108
0.9999279772408108
0.9999279772408108
0.9999279772408108
0.9999279772408108
0.9999279772408108
0.9999279772408108
0.9999279772408108
0.9999279772408108
0.9999639886204068
0.9999639886204068
0.9999639886204068
0.9999639886204068
0.9999639886204068
0.9999639886204068
0.9999639886204068
0.9999639886204068
0.9999639886204068
0.9999639886204068
0.9999639886204068
0.9999639886204068
0.9999639886204068
0.9999639886204068
0.9999639886204068
0.9999639886204068
0.9999639886204068
0.9999639886204068
0.9999639886204068
0.9999639886204068
0.9999639886204068
0.9999639886204068
0.9999639886204068
0.9999639886204068
0.9999639886204068
0.9999639886204068
0.9999639886204068
0.9999639886204068
0.9999639886204068
0.9999639886204068
0.9999639886204068
0.9999639886204068
0.9999639886204068
0.9999639886204068
0.9999639886204068
0.9999639886204068
0.9999639886204068
0.9999639886204068
0.9999639886204068
0.9999639886204068
0.9999639886204068
0.9999639886204068
0.9999639886204068
0.9999639886204068
0.9999639886204068
0.9999639886204068
0.9999639886204068
0.9999639886204068
0.9999639886204068
0.9999639886204068
0.9999639886204068
0.9999639886204068
0.9999639886204068
0.9999639886204068
0.9999639886204068
0.9999639886204068
0.9999639886204068
0.9999639886204068
0.9999639886204068
0.9999639886204068
0.9999639886204068
0.9999639886204068
0.9999639886204068
0.9999639886204068
0.9999639886204068
0.9999639886204068
0.9999639886204068
0.9999639886204068
0.9999639886204068
0.9999639886204068
0.9999639886204068
0.9999639886204068
0.9999639886204068
0.9999639886204068
0.9999639886204068
0.9999639886204068
0.9999639886204068
0.9999639886204068
0.9999639886204068
0.9999639886204068
0.9999639886204068
0.9999639886204068
0.9999639886204068
0.9999639886204068
0.9999639886204068
0.9999639886204068
0.9999639886204068
0.9999639886204068
0.9999639886204068
0.9999639886204068
0.9999639886204068
0.9999639886204068
0.9999639886204068
0.9999639886204068
0.9999639886204068
0.9999639886204068
0.9999639886204068
0.9999639886204068
0.9999639886204068
0.9999639886204068
0.9999639886204068
0.9999639886204068
0.9999639886204068
0.9999639886204068
0.9999639886204068
0.9999639886204068
0.9999639886204068
0.9999639886204068
0.9999639886204068
0.9999639886204068
0.9999639886204068
0.9999639886204068
0.9999639886204068
0.9999639886204068
0.9999639886204068
0.9999639886204068
0.9999639886204068
0.9999639886204068
0.9999639886204068
0.9999639886204068
0.9999639886204068
0.9999639886204068
0.9999639886204068
0.9999639886204068
0.9999639886204068
0.9999639886204068
0.9999639886204068
0.9999639886204068
0.9999639886204068
0.9999639886204068
0.9999639886204068
0.9999639886204068
0.9999639886204068
0.9999639886204068
0.9999639886204068
0.9999639886204068
0.9999639886204068
0.9999639886204068
0.9999639886204068
0.9999639886204068
0.9999639886204068
0.9999639886204068
0.9999639886204068
0.9999639886204068
0.9999639886204068
0.9999639886204068
0.9999639886204068
0.9999639886204068
0.9999639886204068
0.9999639886204068
0.9999639886204068
0.9999639886204068
0.9999639886204068
0.9999639886204068
0.9999639886204068
0.9999639886204068
0.9999639886204068
0.9999639886204068
0.9999639886204068
0.9999639886204068
0.9999639886204068
0.9999639886204068
0.9999639886204068
0.9999639886204068
0.9999639886204068
0.9999639886204068
0.9999639886204068
0.9999639886204068
0.9999639886204068
0.9999639886204068
0.9999639886204068
0.9999639886204068
0.9999639886204068
0.9999639886204068
0.9999639886204068
0.9999639886204068
0.9999639886204068
0.9999639886204068
0.9999639886204068
0.9999639886204068
0.9999639886204068
0.9999639886204068
0.9999639886204068
0.9999639886204068
0.9999639886204068
0.9999639886204068
0.9999639886204068
0.9999639886204068
0.9999639886204068
0.9999639886204068
0.9999639886204068
0.9999639886204068
0.9999639886204068
0.9999639886204068
0.9999639886204068
0.9999639886204068
0.9999639886204068
0.9999639886204068
0.9999639886204068
0.9999639886204068
0.9999639886204068
0.9999639886204068
0.9999639886204068
0.9999639886204068
0.9999639886204068
0.9999639886204068
0.9999639886204068
0.9999639886204068
0.9999639886204068
0.9999639886204068
0.9999639886204068
0.9999639886204068
0.9999639886204068
0.9999639886204068
0.9999639886204068
0.9999639886204068
0.9999639886204068
0.9999639886204068
0.9999639886204068
0.9999639886204068
0.9999639886204068
0.9999639886204068
0.9999639886204068
0.9999639886204068
0.9999639886204068
0.9999639886204068
0.9999639886204068
0.9999639886204068
0.9999639886204068
0.9999639886204068
0.9999639886204068
0.9999639886204068
0.9999639886204068
0.9999639886204068
0.9999639886204068
0.9999639886204068
0.9999639886204068
0.9999639886204068
0.9999639886204068
0.9999639886204068
0.9999639886204068
0.9999639886204068
0.9999639886204068
0.9999639886204068
0.9999639886204068
0.9999639886204068
0.9999639886204068
0.9999639886204068
0.9999639886204068
0.9999639886204068
0.9999639886204068
0.9999639886204068
0.9999639886204068
0.9999639886204068
0.9999639886204068
0.9999639886204068
0.9999639886204068
0.9999639886204068
0.9999639886204068
0.9999639886204068
0.9999639886204068
0.9999639886204068
0.9999639886204068
0.9999639886204068
0.9999639886204068
0.9999639886204068
0.9999639886204068
0.9999639886204068
0.9999639886204068
0.9999639886204068
0.9999639886204068
0.9999639886204068
0.9999639886204068
0.9999639886204068
0.9999639886204068
0.9999639886204068
0.9999639886204068
0.9999639886204068
0.9999639886204068
0.9999639886204068
0.9999639886204068
0.9999639886204068
0.9999639886204068
0.9999639886204068
0.9999639886204068
0.9999639886204068
0.9999639886204068
0.9999639886204068
0.9999639886204068
0.9999639886204068
0.9999639886204068
0.9999639886204068
0.9999639886204068
0.9999639886204068
0.9999639886204068
0.9999639886204068
0.9999639886204068
0.9999639886204068
0.9999639886204068
0.9999639886204068
0.9999639886204068
0.9999639886204068
0.9999639886204068
0.9999639886204068
0.9999639886204068
0.9999639886204068
0.9999639886204068
0.9999639886204068
0.9999639886204068
0.9999639886204068
0.9999639886204068
0.9999639886204068
0.9999639886204068
0.9999639886204068
0.9999639886204068
0.9999639886204068
0.9999639886204068
0.9999639886204068
0.9999639886204068
0.9999639886204068
0.9999639886204068
0.9999639886204068
0.9999639886204068
0.9999639886204068
0.9999639886204068
0.9999639886204068
0.9999639886204068
0.9999639886204068
0.9999639886204068
0.9999639886204068
0.9999639886204068
0.9999639886204068
0.9999639886204068
0.9999639886204068
0.9999639886204068
0.9999639886204068
0.9999639886204068
0.9999639886204068
0.9999639886204068
0.9999639886204068
0.9999639886204068
0.9999639886204068
0.9999639886204068
0.9999639886204068
0.9999639886204068
0.9999639886204068
0.9999639886204068
0.9999639886204068
0.9999639886204068
0.9999639886204068
0.9999639886204068
0.9999639886204068
0.9999639886204068
0.9999639886204068
0.9999639886204068
0.9999639886204068
0.9999639886204068
0.9999639886204068
0.9999639886204068
0.9999639886204068
0.9999639886204068
0.9999639886204068
0.9999639886204068
0.9999639886204068
0.9999639886204068
0.9999639886204068
0.9999639886204068
0.9999639886204068
0.9999639886204068
0.9999639886204068
0.9999639886204068
0.9999639886204068
0.9999639886204068
0.9999639886204068
0.9999639886204068
0.9999639886204068
0.9999639886204068
0.9999639886204068
0.9999639886204068
0.9999639886204068
0.9999639886204068
0.9999639886204068
0.9999639886204068
0.9999639886204068
0.9999639886204068
0.9999639886204068
0.9999639886204068
0.9999639886204068
0.9999639886204068
0.9999639886204068
0.9999639886204068
0.9999639886204068
0.9999639886204068
0.9999639886204068
0.9999639886204068
0.9999639886204068
0.9999639886204068
0.9999639886204068
0.9999639886204068
0.9999639886204068
0.9999639886204068
0.9999639886204068
0.9999639886204068
0.9999639886204068
0.9999639886204068
0.9999639886204068
0.9999639886204068
0.9999639886204068
0.9999639886204068
0.9999639886204068
0.9999639886204068
0.9999639886204068
0.9999639886204068
0.9999639886204068
0.9999639886204068
0.9999639886204068
0.9999639886204068
0.9999639886204068
0.9999639886204068
0.9999639886204068
0.9999639886204068
0.9999639886204068
0.9999639886204068
0.9999639886204068
0.9999639886204068
0.9999639886204068
0.9999639886204068
0.9999639886204068
0.9999639886204068
0.9999639886204068
0.9999639886204068
0.9999639886204068
0.9999639886204068
0.9999639886204068
0.9999639886204068
0.9999639886204068
0.9999639886204068
0.9999639886204068
0.9999639886204068
0.9999639886204068
0.9999639886204068
0.9999639886204068
0.9999639886204068
0.9999639886204068
0.9999639886204068
0.9999639886204068
0.9999639886204068
0.9999639886204068
0.9999639886204068
0.9999639886204068
0.9999639886204068
0.9999639886204068
0.9999639886204068
0.9999639886204068
0.9999639886204068
0.9999639886204068
0.9999639886204068
0.9999639886204068
0.9999639886204068
0.9999639886204068
0.9999639886204068
0.9999639886204068
0.9999639886204068
0.9999639886204068
0.9999639886204068
0.9999639886204068
0.9999639886204068
0.9999639886204068
0.9999639886204068
0.9999639886204068
0.9999639886204068
0.9999639886204068
0.9999639886204068
0.9999639886204068
0.9999639886204068
0.9999639886204068
0.9999639886204068
0.9999639886204068
0.9999639886204068
0.9999639886204068
0.9999639886204068
0.9999639886204068
0.9999639886204068
0.9999639886204068
0.9999639886204068
0.9999639886204068
0.9999639886204068
0.9999639886204068
0.9999639886204068
0.9999639886204068
0.9999639886204068
0.9999639886204068
0.9999639886204068
0.9999639886204068
0.9999639886204068
0.9999639886204068
0.9999639886204068
0.9999639886204068
0.9999639886204068
0.9999639886204068
0.9999639886204068
0.9999639886204068
0.9999639886204068
0.9999639886204068
0.9999639886204068
0.9999639886204068
0.9999639886204068
0.9999639886204068
0.9999639886204068
0.9999639886204068
0.9999639886204068
0.9999639886204068
0.9999639886204068
0.9999639886204068
0.9999639886204068
0.9999639886204068
0.9999639886204068
0.9999639886204068
0.9999639886204068
0.9999639886204068
0.9999639886204068
0.9999639886204068
0.9999639886204068
0.9999639886204068
0.9999639886204068
0.9999639886204068
0.9999639886204068
0.9999639886204068
0.9999639886204068
0.9999639886204068
0.9999639886204068
0.9999639886204068
0.9999639886204068
0.9999639886204068
0.9999639886204068
0.9999639886204068
0.9999639886204068
0.9999639886204068
0.9999639886204068
0.9999639886204068
0.9999639886204068
0.9999639886204068
0.9999639886204068
0.9999639886204068
0.9999639886204068
0.9999639886204068
0.9999639886204068
0.9999639886204068
0.9999639886204068
0.9999639886204068
0.9999639886204068
0.9999639886204068
0.9999639886204068
0.9999639886204068
0.9999639886204068
0.9999639886204068
0.9999639886204068
0.9999639886204068
0.9999639886204068
0.9999639886204068
0.9999639886204068
0.9999639886204068
0.9999639886204068
0.9999639886204068
0.9999639886204068
0.9999639886204068
0.9999639886204068
0.9999639886204068
0.9999639886204068
0.9999639886204068
0.9999639886204068
0.9999639886204068
0.9999639886204068
0.9999639886204068
0.9999639886204068
0.9999639886204068
0.9999639886204068
0.9999639886204068
0.9999639886204068
0.9999639886204068
0.9999639886204068
0.9999639886204068
0.9999639886204068
0.9999639886204068
0.9999639886204068
0.9999639886204068
0.9999639886204068
0.9999639886204068
0.9999639886204068
0.9999639886204068
0.9999639886204068
0.9999639886204068
0.9999639886204068
0.9999639886204068
0.9999639886204068
0.9999639886204068
0.9999639886204068
0.9999639886204068
0.9999639886204068
0.9999639886204068
0.9999639886204068
0.9999639886204068
0.9999639886204068
0.9999639886204068
0.9999639886204068
0.9999639886204068
0.9999639886204068
0.9999639886204068
0.9999639886204068
0.9999639886204068
0.9999639886204068
0.9999639886204068
0.9999639886204068
0.9999639886204068
0.9999639886204068
0.9999639886204068
0.9999639886204068
0.9999639886204068
0.9999639886204068
0.9999639886204068
0.9999639886204068
0.9999639886204068
0.9999639886204068
0.9999639886204068
0.9999639886204068
0.9999639886204068
0.9999639886204068
0.9999639886204068
0.9999639886204068
0.9999639886204068
0.9999639886204068
0.9999639886204068
0.9999639886204068
0.9999639886204068
0.9999639886204068
0.9999639886204068
0.9999639886204068
0.9999639886204068
0.9999639886204068
