0.0977348842234146
0.18578270733551802
0.2561129316864129
0.3157837876769059
0.366307753250027
0.4121862508552703
0.4543195649825345
0.49360798012171847
0.5285750297093882
0.5591486909863517
0.5875256581079621
0.6152904317764414
0.6387338398934064
0.6618171342144118
0.6842522237026901
0.7042025279988477
0.722928445388743
0.7410061579459111
0.7589758363642913
0.7744607295905508
0.7892253952248912
0.8035939356836762
0.8173862940689259
0.8296301631315497
0.8405416111491233
0.8525334005545754
0.8627606323598258
0.8717634772588139
0.8805862652598222
0.8894090532608305
0.898087795743455
0.9047499009687061
0.9116640858511289
0.9174259065864813
0.9234037955994093
0.9292376390939536
0.9346033346537506
0.9394648708992042
0.9434621340343549
0.9475674313082935
0.9513126147862725
0.9548417299866758
0.9581187655299075
0.9610716986567756
0.9638085635060679
0.966041269041017
0.9680579062983903
0.9701465663149555
0.9719831466743492
0.9737116928949548
0.9753682163563686
0.9769527170585905
0.9783571608628326
0.979545536389499
0.9807339119161654
0.9820663329612157
0.9831826857286903
0.9843710612553567
0.985631459541215
0.9864597212719219
0.9869638805862653
0.9873239943822248
0.9879001764557601
0.988728438186467
0.9893406316395983
0.9899528250927295
0.9904929957866688
0.9909971551010122
0.9913932802765676
0.991825416831719
0.9923295761460623
0.9927977240808097
0.9930137923583854
0.9934099175339408
0.9936619971911125
0.9939500882278801
0.9940941337462639
0.9943822247830315
0.9946343044402032
0.9948503727177789
0.9950664409953546
0.9952104865137383
0.9953905434117181
0.9956066116892938
0.9957866685872735
0.9958586913464654
0.9960387482444452
0.9960747596240411
0.996182793762829
0.9963268392812128
0.9965068961791925
0.9965789189383845
0.9966149303179804
0.9967949872159602
0.9967949872159602
0.9969030213547481
0.997011055493536
0.9970830782527279
0.9971190896323239
0.9972631351507076
0.9972991465303036
0.9973711692894955
0.9974071806690915
0.9974431920486875
0.9975872375670712
0.9975872375670712
0.997731283085455
0.997767294465051
0.9978393172242429
0.9979113399834348
0.9979113399834348
0.9979113399834348
0.9979473513630308
0.9979473513630308
0.9979473513630308
0.9980193741222227
0.9980193741222227
0.9980193741222227
0.9980193741222227
0.9980193741222227
0.9980913968814147
0.9982354423997984
0.9983074651589904
0.9983434765385863
0.9983794879181823
0.9984154992977783
0.9984875220569702
0.9984875220569702
0.9984875220569702
0.9984875220569702
0.9984875220569702
0.9984875220569702
0.9984875220569702
0.9984875220569702
0.9985955561957581
0.9986315675753541
0.9986675789549501
0.9986675789549501
0.9986675789549501
0.998703590334546
0.998703590334546
0.998703590334546
0.998739601714142
0.998775613093738
0.998775613093738
0.998775613093738
0.9988116244733339
0.9988116244733339
0.9988116244733339
0.9988476358529299
0.9988476358529299
0.9988476358529299
0.9988476358529299
0.9988476358529299
0.9989556699917178
0.9989556699917178
0.9989916813713138
0.9990276927509097
0.9990637041305057
0.9990997155101017
0.9991357268896977
0.9991357268896977
0.9991357268896977
0.9991357268896977
0.9991357268896977
0.9991717382692936
0.9991717382692936
0.9992077496488896
0.9992077496488896
0.9992437610284856
0.9992797724080815
0.9992797724080815
0.9992797724080815
0.9992797724080815
0.9992797724080815
0.9993157837876775
0.9993157837876775
0.9993517951672735
0.9993517951672735
0.9993517951672735
0.9993878065468694
0.9994238179264654
0.9994238179264654
0.9994238179264654
0.9994238179264654
0.9994238179264654
0.9994238179264654
0.9994238179264654
0.9994238179264654
0.9994238179264654
0.9994238179264654
0.9994238179264654
0.9994238179264654
0.9994238179264654
0.9994238179264654
0.9994238179264654
0.9994238179264654
0.9994238179264654
0.9994598293060614
0.9994598293060614
0.9994958406856573
0.9995318520652533
0.9995318520652533
0.9995318520652533
0.9995318520652533
0.9995318520652533
0.9995318520652533
0.9995678634448493
0.9995678634448493
0.9995678634448493
0.9995678634448493
0.9996038748244452
0.9996398862040412
0.9996398862040412
0.9996758975836372
0.9996758975836372
0.9997119089632331
0.9997119089632331
0.9997119089632331
0.9997119089632331
0.9997119089632331
0.9997119089632331
0.9997119089632331
0.9997119089632331
0.9997119089632331
0.9997119089632331
0.9997479203428291
0.9997479203428291
0.9997479203428291
0.9997479203428291
0.9997479203428291
0.9997479203428291
0.9997479203428291
0.9997479203428291
0.9997479203428291
0.9997479203428291
0.9997479203428291
0.9997479203428291
0.9997479203428291
0.9997479203428291
0.9997479203428291
0.9997479203428291
0.9997479203428291
0.9997479203428291
0.9997479203428291
0.9997479203428291
0.9997839317224251
0.9997839317224251
0.9997839317224251
0.9997839317224251
0.9997839317224251
0.9997839317224251
0.9997839317224251
0.9997839317224251
0.9997839317224251
0.9997839317224251
0.9997839317224251
0.9997839317224251
0.9997839317224251
0.9997839317224251
0.9997839317224251
0.9997839317224251
0.9997839317224251
0.999819943102021
0.999819943102021
0.999819943102021
0.999819943102021
0.999819943102021
0.999819943102021
0.999819943102021
0.999819943102021
0.999819943102021
0.999819943102021
0.999819943102021
0.999855954481617
0.999855954481617
0.999855954481617
0.999855954481617
0.999855954481617
0.999855954481617
0.999855954481617
0.999855954481617
0.999855954481617
0.999855954481617
0.999855954481617
0.999855954481617
0.999855954481617
0.999855954481617
0.999855954481617
0.999891965861213
0.999891965861213
0.999891965861213
0.999891965861213
0.999891965861213
0.999891965861213
0.999891965861213
0.999891965861213
0.999891965861213
0.999891965861213
0.999891965861213
0.999891965861213
0.999891965861213
0.999927977240809
0.999927977240809
0.999927977240809
0.999927977240809
0.999927977240809
0.999927977240809
0.999927977240809
0.999927977240809
0.999927977240809
0.999927977240809
0.999927977240809
0.999927977240809
0.999927977240809
0.999927977240809
0.999927977240809
0.999927977240809
0.999927977240809
0.999927977240809
0.999927977240809
0.999927977240809
0.999927977240809
0.999927977240809
0.999927977240809
0.999927977240809
0.999927977240809
0.999927977240809
0.999927977240809
0.999927977240809
0.999927977240809
0.999927977240809
0.999927977240809
0.999927977240809
0.999927977240809
0.999927977240809
0.999927977240809
0.999927977240809
0.999927977240809
0.999927977240809
0.999927977240809
0.999927977240809
0.999927977240809
0.999927977240809
0.999927977240809
0.999927977240809
0.999927977240809
0.999927977240809
0.999927977240809
0.999927977240809
0.999927977240809
0.999927977240809
0.999927977240809
0.999927977240809
0.999927977240809
0.999927977240809
0.999927977240809
0.999927977240809
0.999927977240809
0.9999639886204049
0.9999639886204049
0.9999639886204049
0.9999639886204049
0.9999639886204049
0.9999639886204049
0.9999639886204049
0.9999639886204049
0.9999639886204049
0.9999639886204049
0.9999639886204049
0.9999639886204049
0.9999639886204049
0.9999639886204049
0.9999639886204049
0.9999639886204049
0.9999639886204049
0.9999639886204049
0.9999639886204049
0.9999639886204049
0.9999639886204049
0.9999639886204049
0.9999639886204049
0.9999639886204049
0.9999639886204049
0.9999639886204049
0.9999639886204049
0.9999639886204049
0.9999639886204049
0.9999639886204049
0.9999639886204049
0.9999639886204049
0.9999639886204049
0.9999639886204049
0.9999639886204049
0.9999639886204049
0.9999639886204049
0.9999639886204049
0.9999639886204049
0.9999639886204049
0.9999639886204049
0.9999639886204049
0.9999639886204049
0.9999639886204049
0.9999639886204049
0.9999639886204049
0.9999639886204049
0.9999639886204049
0.9999639886204049
0.9999639886204049
0.9999639886204049
0.9999639886204049
0.9999639886204049
0.9999639886204049
0.9999639886204049
0.9999639886204049
0.9999639886204049
0.9999639886204049
0.9999639886204049
0.9999639886204049
0.9999639886204049
0.9999639886204049
0.9999639886204049
0.9999639886204049
0.9999639886204049
0.9999639886204049
0.9999639886204049
0.9999639886204049
0.9999639886204049
0.9999639886204049
0.9999639886204049
0.9999639886204049
0.9999639886204049
0.9999639886204049
0.9999639886204049
0.9999639886204049
0.9999639886204049
0.9999639886204049
0.9999639886204049
0.9999639886204049
0.9999639886204049
0.9999639886204049
0.9999639886204049
0.9999639886204049
0.9999639886204049
0.9999639886204049
0.9999639886204049
0.9999639886204049
0.9999639886204049
0.9999639886204049
0.9999639886204049
0.9999639886204049
0.9999639886204049
0.9999639886204049
0.9999639886204049
0.9999639886204049
0.9999639886204049
0.9999639886204049
0.9999639886204049
0.9999639886204049
0.9999639886204049
0.9999639886204049
0.9999639886204049
0.9999639886204049
0.9999639886204049
0.9999639886204049
0.9999639886204049
0.9999639886204049
0.9999639886204049
0.9999639886204049
0.9999639886204049
0.9999639886204049
0.9999639886204049
0.9999639886204049
0.9999639886204049
0.9999639886204049
0.9999639886204049
0.9999639886204049
0.9999639886204049
0.9999639886204049
0.9999639886204049
0.9999639886204049
0.9999639886204049
0.9999639886204049
0.9999639886204049
0.9999639886204049
0.9999639886204049
0.9999639886204049
0.9999639886204049
0.9999639886204049
0.9999639886204049
0.9999639886204049
0.9999639886204049
0.9999639886204049
0.9999639886204049
0.9999639886204049
0.9999639886204049
0.9999639886204049
0.9999639886204049
0.9999639886204049
0.9999639886204049
0.9999639886204049
0.9999639886204049
0.9999639886204049
0.9999639886204049
0.9999639886204049
0.9999639886204049
0.9999639886204049
0.9999639886204049
0.9999639886204049
0.9999639886204049
0.9999639886204049
0.9999639886204049
0.9999639886204049
0.9999639886204049
0.9999639886204049
0.9999639886204049
0.9999639886204049
0.9999639886204049
0.9999639886204049
0.9999639886204049
0.9999639886204049
0.9999639886204049
0.9999639886204049
0.9999639886204049
0.9999639886204049
0.9999639886204049
0.9999639886204049
0.9999639886204049
0.9999639886204049
0.9999639886204049
0.9999639886204049
0.9999639886204049
0.9999639886204049
0.9999639886204049
0.9999639886204049
0.9999639886204049
0.9999639886204049
0.9999639886204049
0.9999639886204049
0.9999639886204049
0.9999639886204049
0.9999639886204049
0.9999639886204049
0.9999639886204049
0.9999639886204049
0.9999639886204049
0.9999639886204049
0.9999639886204049
0.9999639886204049
0.9999639886204049
0.9999639886204049
0.9999639886204049
0.9999639886204049
0.9999639886204049
0.9999639886204049
0.9999639886204049
0.9999639886204049
0.9999639886204049
0.9999639886204049
0.9999639886204049
0.9999639886204049
0.9999639886204049
